1030303 Q0 7156982 1 0.0 0
1037496 Q0 7766587 1 0.0 0
1037496 Q0 5927420 2 0.0 0
1037496 Q0 4760912 3 0.0 0
1037496 Q0 4174377 4 0.0 0
1037496 Q0 3725937 5 0.0 0
1037496 Q0 4760914 6 0.0 0
1037496 Q0 7766585 7 0.0 0
1037496 Q0 4905511 8 0.0 0
1043135 Q0 8696961 1 0.0 0
1043135 Q0 650642 2 0.0 0
1043135 Q0 4994428 3 0.0 0
1043135 Q0 8696958 4 0.0 0
1043135 Q0 2514458 5 0.0 0
1049519 Q0 7106 1 0.0 0
1049519 Q0 6921021 2 0.0 0
1049519 Q0 1316185 3 0.0 0
1049519 Q0 1268054 4 0.0 0
1049519 Q0 7105 5 0.0 0
1049519 Q0 4915775 6 0.0 0
1049519 Q0 280367 7 0.0 0
1049519 Q0 4767165 8 0.0 0
1049519 Q0 5355121 9 0.0 0
1049519 Q0 8678331 10 0.0 0
1049519 Q0 6559664 11 0.0 0
1049519 Q0 5637257 12 0.0 0
1049519 Q0 3425599 13 0.0 0
1049519 Q0 7234569 14 0.0 0
1049519 Q0 4961315 15 0.0 0
1049519 Q0 7104 16 0.0 0
1049519 Q0 6950445 17 0.0 0
1049519 Q0 4511232 18 0.0 0
1049519 Q0 6580258 19 0.0 0
1049519 Q0 2078367 20 0.0 0
1056416 Q0 8739209 1 0.0 0
1056416 Q0 2308626 2 0.0 0
1065636 Q0 1062134 1 0.0 0
1071750 Q0 3928913 1 0.0 0
1071750 Q0 8698269 2 0.0 0
1071750 Q0 8378390 3 0.0 0
1071750 Q0 3575934 4 0.0 0
1103153 Q0 8226436 1 0.0 0
1103153 Q0 8226445 2 0.0 0
1103153 Q0 8226439 3 0.0 0
1103153 Q0 6113506 4 0.0 0
1103153 Q0 8226438 5 0.0 0
1103153 Q0 8226444 6 0.0 0
1103153 Q0 8226441 7 0.0 0
1103153 Q0 7570096 8 0.0 0
1103153 Q0 8226440 9 0.0 0
1103153 Q0 8226443 10 0.0 0
1103153 Q0 8226437 11 0.0 0
1103153 Q0 5413697 12 0.0 0
1103153 Q0 4123353 13 0.0 0
1103153 Q0 5493567 14 0.0 0
1103153 Q0 5109890 15 0.0 0
1103153 Q0 6061211 16 0.0 0
1103153 Q0 8408628 17 0.0 0
1103153 Q0 6315313 18 0.0 0
1103153 Q0 6758995 19 0.0 0
1103153 Q0 3129955 20 0.0 0
1103791 Q0 8210884 1 0.0 0
1103791 Q0 4034845 2 0.0 0
1103791 Q0 8384416 3 0.0 0
1104501 Q0 2204054 1 0.0 0
1104501 Q0 7014749 2 0.0 0
1104501 Q0 388436 3 0.0 0
1104501 Q0 7206350 4 0.0 0
1104501 Q0 5187929 5 0.0 0
1104501 Q0 6110763 6 0.0 0
1104501 Q0 2900415 7 0.0 0
1104501 Q0 2900410 8 0.0 0
1104501 Q0 3738762 9 0.0 0
1104501 Q0 7023230 10 0.0 0
1104501 Q0 3342118 11 0.0 0
1104501 Q0 388437 12 0.0 0
1104501 Q0 7431269 13 0.0 0
1104501 Q0 2544919 14 0.0 0
1104501 Q0 6888377 15 0.0 0
1104501 Q0 3807987 16 0.0 0
1104501 Q0 2283304 17 0.0 0
1104501 Q0 3738763 18 0.0 0
1104501 Q0 388434 19 0.0 0
1104501 Q0 8213625 20 0.0 0
1105860 Q0 8282567 1 0.0 0
1105860 Q0 8282566 2 0.0 0
1105860 Q0 8282565 3 0.0 0
1105860 Q0 3593906 4 0.0 0
1105860 Q0 3593905 5 0.0 0
1105860 Q0 3593904 6 0.0 0
1105860 Q0 8203550 7 0.0 0
1105860 Q0 3593907 8 0.0 0
1105860 Q0 4866505 9 0.0 0
1105860 Q0 7237676 10 0.0 0
1105860 Q0 8200937 11 0.0 0
1105860 Q0 5800122 12 0.0 0
1105860 Q0 3084502 13 0.0 0
1105860 Q0 4557626 14 0.0 0
1105860 Q0 8282572 15 0.0 0
1105860 Q0 980913 16 0.0 0
1105860 Q0 7702983 17 0.0 0
1105860 Q0 3593900 18 0.0 0
1105860 Q0 8282571 19 0.0 0
1105860 Q0 8200940 20 0.0 0
1106928 Q0 2168463 1 0.0 0
1108473 Q0 8176949 1 0.0 0
1108473 Q0 1188068 2 0.0 0
1108651 Q0 6058576 1 0.0 0
1108651 Q0 1457502 2 0.0 0
1108651 Q0 7111296 3 0.0 0
1108651 Q0 8175412 4 0.0 0
1108651 Q0 8675709 5 0.0 0
1108651 Q0 7384900 6 0.0 0
1108651 Q0 8175407 7 0.0 0
1108651 Q0 6254871 8 0.0 0
1108651 Q0 3641700 9 0.0 0
1108651 Q0 8175408 10 0.0 0
1108651 Q0 7244857 11 0.0 0
1108651 Q0 3967138 12 0.0 0
1108651 Q0 4056901 13 0.0 0
1108651 Q0 8175415 14 0.0 0
1108651 Q0 4551375 15 0.0 0
1108651 Q0 8174763 16 0.0 0
1108651 Q0 4813441 17 0.0 0
1108651 Q0 5776692 18 0.0 0
1108651 Q0 8258084 19 0.0 0
1108651 Q0 815720 20 0.0 0
1108729 Q0 3405694 1 0.0 0
1109699 Q0 5968196 1 0.0 0
1109699 Q0 4172377 2 0.0 0
1109699 Q0 360647 3 0.0 0
1109699 Q0 7501477 4 0.0 0
1109699 Q0 2769074 5 0.0 0
1109699 Q0 6594540 6 0.0 0
1109699 Q0 8165547 7 0.0 0
1109699 Q0 8011068 8 0.0 0
1109699 Q0 7722706 9 0.0 0
1109699 Q0 1350606 10 0.0 0
1109699 Q0 1630064 11 0.0 0
1109699 Q0 7603040 12 0.0 0
1109699 Q0 7515129 13 0.0 0
1109699 Q0 5521443 14 0.0 0
1109699 Q0 228764 15 0.0 0
1109699 Q0 2392020 16 0.0 0
1109699 Q0 3167066 17 0.0 0
1109699 Q0 8011066 18 0.0 0
1109699 Q0 5209931 19 0.0 0
1109699 Q0 4686518 20 0.0 0
1109707 Q0 4122615 1 0.0 0
1109707 Q0 8165491 2 0.0 0
1109707 Q0 6872195 3 0.0 0
1109707 Q0 1719374 4 0.0 0
1109707 Q0 1719371 5 0.0 0
1109707 Q0 5740304 6 0.0 0
1109707 Q0 6238285 7 0.0 0
1109707 Q0 1143389 8 0.0 0
1109707 Q0 5947139 9 0.0 0
1109707 Q0 2510185 10 0.0 0
1109707 Q0 4122618 11 0.0 0
1109707 Q0 1911564 12 0.0 0
1109707 Q0 771002 13 0.0 0
1109707 Q0 458599 14 0.0 0
1109707 Q0 8008033 15 0.0 0
1109707 Q0 1608567 16 0.0 0
1109707 Q0 5947140 17 0.0 0
1109707 Q0 2245437 18 0.0 0
1109707 Q0 3161726 19 0.0 0
1109707 Q0 2031419 20 0.0 0
1109850 Q0 8164033 1 0.0 0
1110678 Q0 2713705 1 0.0 0
1110678 Q0 2713708 2 0.0 0
1110678 Q0 7896538 3 0.0 0
1110678 Q0 7139329 4 0.0 0
1110678 Q0 5843314 5 0.0 0
1110678 Q0 1407079 6 0.0 0
1110678 Q0 8198585 7 0.0 0
1110678 Q0 7896534 8 0.0 0
1110678 Q0 1555304 9 0.0 0
1110678 Q0 2684360 10 0.0 0
1110678 Q0 2684357 11 0.0 0
1110678 Q0 2684356 12 0.0 0
1110678 Q0 2342590 13 0.0 0
1110678 Q0 2342589 14 0.0 0
1110678 Q0 1902017 15 0.0 0
1110678 Q0 1710937 16 0.0 0
1110678 Q0 1710934 17 0.0 0
1110678 Q0 1450407 18 0.0 0
1110678 Q0 867207 19 0.0 0
1110678 Q0 466622 20 0.0 0
1113042 Q0 7834150 1 0.0 0
1113042 Q0 3638871 2 0.0 0
1113042 Q0 355186 3 0.0 0
1113042 Q0 2410652 4 0.0 0
1113042 Q0 4390850 5 0.0 0
1113042 Q0 6174999 6 0.0 0
1113042 Q0 2326519 7 0.0 0
1113042 Q0 2326525 8 0.0 0
1113042 Q0 2499270 9 0.0 0
1113042 Q0 780668 10 0.0 0
1113042 Q0 4931496 11 0.0 0
1113042 Q0 7072957 12 0.0 0
1113042 Q0 3521102 13 0.0 0
1114166 Q0 6393204 1 0.0 0
1114166 Q0 2663442 2 0.0 0
1114166 Q0 8557298 3 0.0 0
1114166 Q0 4253053 4 0.0 0
1114166 Q0 1077993 5 0.0 0
1114166 Q0 1838670 6 0.0 0
1114166 Q0 4820509 7 0.0 0
1114166 Q0 1524759 8 0.0 0
1114166 Q0 8163346 9 0.0 0
1114166 Q0 7005188 10 0.0 0
1114166 Q0 5683254 11 0.0 0
1114166 Q0 6903474 12 0.0 0
1114166 Q0 8569618 13 0.0 0
1114166 Q0 4724032 14 0.0 0
1114166 Q0 4509762 15 0.0 0
1114166 Q0 3962444 16 0.0 0
1114166 Q0 6670817 17 0.0 0
1114166 Q0 1166813 18 0.0 0
1114166 Q0 629384 19 0.0 0
1114166 Q0 2019926 20 0.0 0
1114286 Q0 2589532 1 0.0 0
1114286 Q0 4488776 2 0.0 0
1114286 Q0 4956825 3 0.0 0
1114286 Q0 6744598 4 0.0 0
1114286 Q0 4678531 5 0.0 0
1114286 Q0 6744591 6 0.0 0
1114286 Q0 7235983 7 0.0 0
1114286 Q0 648972 8 0.0 0
1114286 Q0 8720406 9 0.0 0
1114286 Q0 8413644 10 0.0 0
1114286 Q0 6846966 11 0.0 0
1114286 Q0 5711201 12 0.0 0
1114286 Q0 5657279 13 0.0 0
1114286 Q0 8378705 14 0.0 0
1114286 Q0 6472492 15 0.0 0
1114286 Q0 1499458 16 0.0 0
1114286 Q0 100373 17 0.0 0
1114286 Q0 2177455 18 0.0 0
1114286 Q0 1810213 19 0.0 0
1114286 Q0 1278319 20 0.0 0
1114993 Q0 8113957 1 0.0 0
1115210 Q0 8111887 1 0.0 0
1115210 Q0 8111885 2 0.0 0
1115210 Q0 8111884 3 0.0 0
1117817 Q0 2963968 1 0.0 0
1117817 Q0 8330387 2 0.0 0
1117817 Q0 6382626 3 0.0 0
1117817 Q0 8801629 4 0.0 0
1117817 Q0 2963970 5 0.0 0
1117817 Q0 2373506 6 0.0 0
1117817 Q0 6790301 7 0.0 0
1117817 Q0 8330381 8 0.0 0
1117817 Q0 3330454 9 0.0 0
1117817 Q0 844984 10 0.0 0
1117817 Q0 7220210 11 0.0 0
1117817 Q0 7063003 12 0.0 0
1117817 Q0 4486487 13 0.0 0
1117817 Q0 4356848 14 0.0 0
1117817 Q0 7730764 15 0.0 0
1117817 Q0 8135793 16 0.0 0
1117817 Q0 8571095 17 0.0 0
1117817 Q0 5334670 18 0.0 0
1117817 Q0 5408863 19 0.0 0
1117886 Q0 4393875 1 0.0 0
1117886 Q0 4219250 2 0.0 0
1117886 Q0 1952589 3 0.0 0
1117886 Q0 2921720 4 0.0 0
1117886 Q0 2902802 5 0.0 0
1117886 Q0 7460948 6 0.0 0
1117886 Q0 8073514 7 0.0 0
1117886 Q0 4933054 8 0.0 0
1117886 Q0 620566 9 0.0 0
1117886 Q0 7460949 10 0.0 0
1117886 Q0 7024723 11 0.0 0
1117886 Q0 8456607 12 0.0 0
1117886 Q0 5376945 13 0.0 0
1117886 Q0 7862291 14 0.0 0
1117886 Q0 5094343 15 0.0 0
1117886 Q0 4012694 16 0.0 0
1117886 Q0 8730583 17 0.0 0
1117886 Q0 7862290 18 0.0 0
1117886 Q0 556178 19 0.0 0
1117886 Q0 120703 20 0.0 0
1118370 Q0 5550741 1 0.0 0
1118370 Q0 3963179 2 0.0 0
1118370 Q0 8081650 3 0.0 0
1118370 Q0 2951456 4 0.0 0
1118370 Q0 1613548 5 0.0 0
1118370 Q0 3430653 6 0.0 0
1118370 Q0 3083851 7 0.0 0
1118370 Q0 3067295 8 0.0 0
1118370 Q0 2313533 9 0.0 0
1118370 Q0 2224024 10 0.0 0
1118370 Q0 1855536 11 0.0 0
1118370 Q0 1088791 12 0.0 0
1118370 Q0 868752 13 0.0 0
1118370 Q0 866965 14 0.0 0
1118370 Q0 847339 15 0.0 0
1118370 Q0 462715 16 0.0 0
1118370 Q0 375249 17 0.0 0
1118370 Q0 333324 18 0.0 0
1118370 Q0 291452 19 0.0 0
1118370 Q0 215200 20 0.0 0
1118426 Q0 8081199 1 0.0 0
1118426 Q0 8081196 2 0.0 0
1118426 Q0 8081193 3 0.0 0
1118426 Q0 5598458 4 0.0 0
1118426 Q0 2424347 5 0.0 0
1118426 Q0 2424353 6 0.0 0
1118426 Q0 915979 7 0.0 0
1118426 Q0 8081194 8 0.0 0
1119118 Q0 8074735 1 0.0 0
1119118 Q0 8074741 2 0.0 0
1119118 Q0 8074734 3 0.0 0
1119118 Q0 8074733 4 0.0 0
1119118 Q0 8074740 5 0.0 0
1119118 Q0 8074739 6 0.0 0
1119118 Q0 8074737 7 0.0 0
1119118 Q0 8074736 8 0.0 0
1119118 Q0 6026130 9 0.0 0
1119118 Q0 5472178 10 0.0 0
1119118 Q0 5451461 11 0.0 0
1119118 Q0 5185340 12 0.0 0
1119118 Q0 4246892 13 0.0 0
1119118 Q0 3927073 14 0.0 0
1119118 Q0 3609036 15 0.0 0
1119118 Q0 3371280 16 0.0 0
1119118 Q0 2892273 17 0.0 0
1119118 Q0 2553801 18 0.0 0
1120588 Q0 8060864 1 0.0 0
1120588 Q0 8060866 2 0.0 0
1120588 Q0 8060861 3 0.0 0
1120588 Q0 7516324 4 0.0 0
1120588 Q0 8060867 5 0.0 0
1120588 Q0 2577689 6 0.0 0
1120588 Q0 8060868 7 0.0 0
1120588 Q0 8060863 8 0.0 0
1120588 Q0 8060865 9 0.0 0
1120588 Q0 8060862 10 0.0 0
1120588 Q0 2313340 11 0.0 0
1120588 Q0 8060859 12 0.0 0
1120588 Q0 2313348 13 0.0 0
1120588 Q0 8060860 14 0.0 0
1122138 Q0 8072197 1 0.0 0
1122138 Q0 8364782 2 0.0 0
1122138 Q0 1634247 3 0.0 0
1122138 Q0 3811655 4 0.0 0
1122138 Q0 5637346 5 0.0 0
1122138 Q0 5630499 6 0.0 0
1122138 Q0 5966426 7 0.0 0
1122138 Q0 5637344 8 0.0 0
1122138 Q0 5052843 9 0.0 0
1122138 Q0 2427679 10 0.0 0
1122138 Q0 5316715 11 0.0 0
1122138 Q0 1196535 12 0.0 0
1122138 Q0 4025286 13 0.0 0
1122138 Q0 5176393 14 0.0 0
1122138 Q0 4344191 15 0.0 0
1122138 Q0 3345306 16 0.0 0
1122138 Q0 4537403 17 0.0 0
1122138 Q0 180926 18 0.0 0
1122138 Q0 7063073 19 0.0 0
1122138 Q0 4665832 20 0.0 0
1123657 Q0 8032346 1 0.0 0
1124552 Q0 4238133 1 0.0 0
1124552 Q0 8023280 2 0.0 0
1124552 Q0 6174050 3 0.0 0
1124552 Q0 4428090 4 0.0 0
1124552 Q0 1614753 5 0.0 0
1124552 Q0 2610030 6 0.0 0
1124552 Q0 6174051 7 0.0 0
1124552 Q0 5679020 8 0.0 0
1124552 Q0 414452 9 0.0 0
1124552 Q0 8434742 10 0.0 0
1124552 Q0 600460 11 0.0 0
1124552 Q0 8023286 12 0.0 0
1124552 Q0 8249365 13 0.0 0
1124552 Q0 7177929 14 0.0 0
1124552 Q0 6126029 15 0.0 0
1124552 Q0 3625491 16 0.0 0
1124552 Q0 3108235 17 0.0 0
1124552 Q0 6471825 18 0.0 0
1124552 Q0 2189322 19 0.0 0
1124552 Q0 59816 20 0.0 0
1125755 Q0 39985 1 0.0 0
1125755 Q0 1643594 2 0.0 0
1125755 Q0 1643595 3 0.0 0
1125755 Q0 6923317 4 0.0 0
1125755 Q0 7254544 5 0.0 0
1125755 Q0 8702290 6 0.0 0
1125755 Q0 95738 7 0.0 0
1125755 Q0 7915406 8 0.0 0
1126523 Q0 8805844 1 0.0 0
1126523 Q0 8805841 2 0.0 0
1126523 Q0 8805840 3 0.0 0
1127004 Q0 1756214 1 0.0 0
1127004 Q0 860288 2 0.0 0
1127004 Q0 5931881 3 0.0 0
1127004 Q0 2051548 4 0.0 0
1127004 Q0 4964550 5 0.0 0
1127004 Q0 8704965 6 0.0 0
1127004 Q0 8620260 7 0.0 0
1127004 Q0 5931887 8 0.0 0
1127004 Q0 6481277 9 0.0 0
1127004 Q0 5484568 10 0.0 0
1127004 Q0 695631 11 0.0 0
1127004 Q0 8625454 12 0.0 0
1127004 Q0 4184135 13 0.0 0
1127004 Q0 7756934 14 0.0 0
1127004 Q0 4681866 15 0.0 0
1127004 Q0 6011954 16 0.0 0
1127004 Q0 690117 17 0.0 0
1127004 Q0 5184454 18 0.0 0
1127004 Q0 5224906 19 0.0 0
1127004 Q0 2414764 20 0.0 0
1127233 Q0 7749528 1 0.0 0
1127233 Q0 7749534 2 0.0 0
1127233 Q0 7749529 3 0.0 0
1127233 Q0 6954589 4 0.0 0
1127233 Q0 3842712 5 0.0 0
1127233 Q0 3842711 6 0.0 0
1127233 Q0 124808 7 0.0 0
1127233 Q0 1045687 8 0.0 0
1127233 Q0 124809 9 0.0 0
1127233 Q0 6611628 10 0.0 0
1127233 Q0 6988344 11 0.0 0
1127233 Q0 6988343 12 0.0 0
1127233 Q0 2114575 13 0.0 0
1127233 Q0 210580 14 0.0 0
1127233 Q0 3842713 15 0.0 0
1127233 Q0 929168 16 0.0 0
1127233 Q0 6979795 17 0.0 0
1127233 Q0 7859195 18 0.0 0
1127233 Q0 6726200 19 0.0 0
1127233 Q0 2114576 20 0.0 0
1128456 Q0 1459777 1 0.0 0
1130705 Q0 5346731 1 0.0 0
1130705 Q0 5066439 2 0.0 0
1130705 Q0 165481 3 0.0 0
1130705 Q0 7818146 4 0.0 0
1130705 Q0 5993474 5 0.0 0
1130705 Q0 7737722 6 0.0 0
1130705 Q0 5171726 7 0.0 0
1130705 Q0 6237234 8 0.0 0
1130705 Q0 3758509 9 0.0 0
1130705 Q0 8622320 10 0.0 0
1130705 Q0 8241796 11 0.0 0
1130705 Q0 8241795 12 0.0 0
1130705 Q0 7520265 13 0.0 0
1130705 Q0 6329586 14 0.0 0
1130705 Q0 5714986 15 0.0 0
1130705 Q0 1976772 16 0.0 0
1130705 Q0 3187271 17 0.0 0
1130705 Q0 3187266 18 0.0 0
1130705 Q0 2223261 19 0.0 0
1130705 Q0 11674 20 0.0 0
1130734 Q0 5255151 1 0.0 0
1130734 Q0 5255147 2 0.0 0
1130847 Q0 8348059 1 0.0 0
1130847 Q0 6209899 2 0.0 0
1130847 Q0 5967653 3 0.0 0
1130847 Q0 1123475 4 0.0 0
1130847 Q0 5001206 5 0.0 0
1130847 Q0 7332261 6 0.0 0
1130847 Q0 7332266 7 0.0 0
1130847 Q0 5722930 8 0.0 0
1130847 Q0 7332267 9 0.0 0
1130847 Q0 8451983 10 0.0 0
1130847 Q0 7332262 11 0.0 0
1130847 Q0 8677826 12 0.0 0
1130847 Q0 2541041 13 0.0 0
1130847 Q0 5001205 14 0.0 0
1130847 Q0 146987 15 0.0 0
1130847 Q0 5001207 16 0.0 0
1130847 Q0 8348061 17 0.0 0
1130847 Q0 4939167 18 0.0 0
1130847 Q0 121670 19 0.0 0
1130847 Q0 1458060 20 0.0 0
1131069 Q0 8432050 1 0.0 0
1131069 Q0 8191743 2 0.0 0
1132044 Q0 4408893 1 0.0 0
1132044 Q0 1755558 2 0.0 0
1132044 Q0 6166604 3 0.0 0
1132044 Q0 6166605 4 0.0 0
1132044 Q0 8349151 5 0.0 0
1132044 Q0 3618856 6 0.0 0
1132044 Q0 737098 7 0.0 0
1132044 Q0 713194 8 0.0 0
1132044 Q0 713193 9 0.0 0
1132044 Q0 3618858 10 0.0 0
1132044 Q0 4700936 11 0.0 0
1132044 Q0 540261 12 0.0 0
1132044 Q0 8349152 13 0.0 0
1132044 Q0 1818484 14 0.0 0
1132044 Q0 1014774 15 0.0 0
1132044 Q0 8349039 16 0.0 0
1132044 Q0 1818488 17 0.0 0
1132044 Q0 1818483 18 0.0 0
1132044 Q0 540252 19 0.0 0
1132044 Q0 4700932 20 0.0 0
1132842 Q0 6536692 1 0.0 0
1132842 Q0 4132635 2 0.0 0
1132842 Q0 2324752 3 0.0 0
1132842 Q0 6570513 4 0.0 0
1132842 Q0 834533 5 0.0 0
1132842 Q0 2941398 6 0.0 0
1132842 Q0 8283466 7 0.0 0
1132842 Q0 7364932 8 0.0 0
1132842 Q0 8555171 9 0.0 0
1132943 Q0 622662 1 0.0 0
1132943 Q0 5552077 2 0.0 0
1132943 Q0 423711 3 0.0 0
1132950 Q0 8274826 1 0.0 0
1132950 Q0 4550487 2 0.0 0
1133485 Q0 6907608 1 0.0 0
1133485 Q0 4039286 2 0.0 0
1133485 Q0 806533 3 0.0 0
1133485 Q0 5537722 4 0.0 0
1133485 Q0 4051946 5 0.0 0
1133485 Q0 95761 6 0.0 0
1133485 Q0 2607172 7 0.0 0
1133485 Q0 2982290 8 0.0 0
1133485 Q0 5264602 9 0.0 0
1133485 Q0 7285141 10 0.0 0
1133485 Q0 2043016 11 0.0 0
1133485 Q0 8058621 12 0.0 0
1133485 Q0 5338115 13 0.0 0
1133485 Q0 7324181 14 0.0 0
1133485 Q0 7242247 15 0.0 0
1133485 Q0 2982294 16 0.0 0
1133485 Q0 4039282 17 0.0 0
1133485 Q0 8692792 18 0.0 0
1133485 Q0 3199857 19 0.0 0
1133485 Q0 5630505 20 0.0 0
1133579 Q0 4931644 1 0.0 0
1133579 Q0 7112079 2 0.0 0
1133579 Q0 4931641 3 0.0 0
1133579 Q0 3691486 4 0.0 0
1133579 Q0 4931642 5 0.0 0
1133579 Q0 8220879 6 0.0 0
1134094 Q0 8172161 1 0.0 0
1134094 Q0 3445457 2 0.0 0
1134094 Q0 8172166 3 0.0 0
1134094 Q0 6426847 4 0.0 0
1134094 Q0 8172159 5 0.0 0
1134094 Q0 7182375 6 0.0 0
1134207 Q0 8162001 1 0.0 0
1134207 Q0 852200 2 0.0 0
1134207 Q0 374550 3 0.0 0
1134207 Q0 374546 4 0.0 0
1134207 Q0 428676 5 0.0 0
1134207 Q0 8053435 6 0.0 0
1134207 Q0 5128113 7 0.0 0
1134207 Q0 5874859 8 0.0 0
1134207 Q0 5139186 9 0.0 0
1134207 Q0 781557 10 0.0 0
1134207 Q0 5874862 11 0.0 0
1134207 Q0 1239602 12 0.0 0
1134207 Q0 4660465 13 0.0 0
1134207 Q0 1698802 14 0.0 0
1134207 Q0 1317997 15 0.0 0
1134207 Q0 1698192 16 0.0 0
1134207 Q0 4925866 17 0.0 0
1134207 Q0 782575 18 0.0 0
1134207 Q0 1703604 19 0.0 0
1134207 Q0 836908 20 0.0 0
1134431 Q0 8141221 1 0.0 0
1134431 Q0 8141222 2 0.0 0
1134431 Q0 3128065 3 0.0 0
1134431 Q0 8141223 4 0.0 0
1134431 Q0 8141220 5 0.0 0
1134939 Q0 322652 1 0.0 0
1134939 Q0 8093333 2 0.0 0
1134939 Q0 8093330 3 0.0 0
1134939 Q0 6204714 4 0.0 0
1134939 Q0 2090588 5 0.0 0
1134988 Q0 8088407 1 0.0 0
1134988 Q0 380752 2 0.0 0
1134988 Q0 3001914 3 0.0 0
1134988 Q0 380748 4 0.0 0
1134988 Q0 7296294 5 0.0 0
1134988 Q0 380755 6 0.0 0
1134988 Q0 380750 7 0.0 0
1134988 Q0 3001910 8 0.0 0
1134988 Q0 380753 9 0.0 0
1134988 Q0 380749 10 0.0 0
1134988 Q0 8088409 11 0.0 0
1134988 Q0 6432242 12 0.0 0
1134988 Q0 8088404 13 0.0 0
1134988 Q0 7296292 14 0.0 0
1135268 Q0 5921309 1 0.0 0
1135268 Q0 8440689 2 0.0 0
1135268 Q0 4779630 3 0.0 0
1135268 Q0 5225950 4 0.0 0
1135268 Q0 6259848 5 0.0 0
1135268 Q0 1792798 6 0.0 0
1135268 Q0 1683963 7 0.0 0
1135268 Q0 937805 8 0.0 0
1135268 Q0 7677934 9 0.0 0
1135268 Q0 179697 10 0.0 0
1135268 Q0 1425936 11 0.0 0
1135268 Q0 2701799 12 0.0 0
1135268 Q0 5341117 13 0.0 0
1135268 Q0 1422663 14 0.0 0
1135268 Q0 2122480 15 0.0 0
1135268 Q0 2122487 16 0.0 0
1135268 Q0 8082103 17 0.0 0
1135268 Q0 2135713 18 0.0 0
1135268 Q0 2965757 19 0.0 0
1135268 Q0 8807500 20 0.0 0
1135626 Q0 5799716 1 0.0 0
1135626 Q0 8032621 2 0.0 0
1135626 Q0 8801531 3 0.0 0
1135626 Q0 8181748 4 0.0 0
1135626 Q0 4035834 5 0.0 0
1135626 Q0 5799719 6 0.0 0
1135626 Q0 5799715 7 0.0 0
1135626 Q0 6532689 8 0.0 0
1135626 Q0 693370 9 0.0 0
1135626 Q0 5799718 10 0.0 0
1135626 Q0 923363 11 0.0 0
1135626 Q0 1901922 12 0.0 0
1135626 Q0 8801537 13 0.0 0
1135626 Q0 6886141 14 0.0 0
1135626 Q0 6882383 15 0.0 0
1135626 Q0 6136533 16 0.0 0
1135626 Q0 2003615 17 0.0 0
1135626 Q0 3497932 18 0.0 0
1135626 Q0 6868001 19 0.0 0
1135626 Q0 7302768 20 0.0 0
1136043 Q0 8728071 1 0.0 0
1136043 Q0 8728069 2 0.0 0
1136043 Q0 1056540 3 0.0 0
1136043 Q0 8728077 4 0.0 0
1136043 Q0 8728076 5 0.0 0
1136043 Q0 8728070 6 0.0 0
1136043 Q0 1056534 7 0.0 0
1136043 Q0 8728074 8 0.0 0
1136047 Q0 8724032 1 0.0 0
1136047 Q0 8724031 2 0.0 0
1136769 Q0 3935931 1 0.0 0
1136962 Q0 6185711 1 0.0 0
1136962 Q0 6185714 2 0.0 0
1136962 Q0 7631079 3 0.0 0
1136962 Q0 6185717 4 0.0 0
1136962 Q0 6185712 5 0.0 0
1136962 Q0 6185710 6 0.0 0
1136962 Q0 8336574 7 0.0 0
1136962 Q0 4601613 8 0.0 0
1136962 Q0 2668190 9 0.0 0
1136962 Q0 3863653 10 0.0 0
119821 Q0 8012784 1 0.0 0
119821 Q0 7172227 2 0.0 0
121171 Q0 8260192 1 0.0 0
135802 Q0 8692623 1 0.0 0
135802 Q0 8692626 2 0.0 0
135802 Q0 8692628 3 0.0 0
135802 Q0 8692619 4 0.0 0
135802 Q0 6037338 5 0.0 0
135802 Q0 5394718 6 0.0 0
135802 Q0 6037331 7 0.0 0
135802 Q0 8731214 8 0.0 0
141630 Q0 1157251 1 0.0 0
141630 Q0 2851002 2 0.0 0
141630 Q0 3303693 3 0.0 0
141630 Q0 4422339 4 0.0 0
141630 Q0 2686304 5 0.0 0
141630 Q0 2366121 6 0.0 0
141630 Q0 7004631 7 0.0 0
141630 Q0 8319991 8 0.0 0
141630 Q0 885784 9 0.0 0
141630 Q0 3500851 10 0.0 0
141630 Q0 4422342 11 0.0 0
141630 Q0 4718251 12 0.0 0
141630 Q0 8319987 13 0.0 0
141630 Q0 8225222 14 0.0 0
141630 Q0 6496225 15 0.0 0
141630 Q0 6064897 16 0.0 0
141630 Q0 6290795 17 0.0 0
141630 Q0 6496223 18 0.0 0
141630 Q0 5607938 19 0.0 0
141630 Q0 1352380 20 0.0 0
144862 Q0 92238 1 0.0 0
144862 Q0 92241 2 0.0 0
144862 Q0 7245936 3 0.0 0
144862 Q0 229203 4 0.0 0
144862 Q0 4569401 5 0.0 0
144862 Q0 2644515 6 0.0 0
144862 Q0 92239 7 0.0 0
144862 Q0 92234 8 0.0 0
144862 Q0 1699370 9 0.0 0
144862 Q0 92235 10 0.0 0
144862 Q0 92236 11 0.0 0
169208 Q0 4859433 1 0.0 0
169208 Q0 4859432 2 0.0 0
169208 Q0 1395417 3 0.0 0
169208 Q0 1395418 4 0.0 0
169208 Q0 4762140 5 0.0 0
169208 Q0 4859438 6 0.0 0
169208 Q0 4580137 7 0.0 0
169208 Q0 721607 8 0.0 0
169208 Q0 85987 9 0.0 0
169208 Q0 6808748 10 0.0 0
169208 Q0 2594160 11 0.0 0
169208 Q0 4202275 12 0.0 0
169208 Q0 2888367 13 0.0 0
169208 Q0 6808744 14 0.0 0
169208 Q0 7251639 15 0.0 0
169208 Q0 4762142 16 0.0 0
169208 Q0 4580131 17 0.0 0
169208 Q0 2888366 18 0.0 0
169208 Q0 8303019 19 0.0 0
169208 Q0 4762137 20 0.0 0
175920 Q0 8234235 1 0.0 0
181626 Q0 2183331 1 0.0 0
181626 Q0 4978240 2 0.0 0
181626 Q0 71073 3 0.0 0
181626 Q0 4798089 4 0.0 0
181626 Q0 8379056 5 0.0 0
181626 Q0 4978239 6 0.0 0
181626 Q0 8379051 7 0.0 0
181626 Q0 7795338 8 0.0 0
181626 Q0 436353 9 0.0 0
181626 Q0 8379054 10 0.0 0
181626 Q0 6100898 11 0.0 0
181626 Q0 2183334 12 0.0 0
181626 Q0 7139430 13 0.0 0
181626 Q0 7941247 14 0.0 0
181626 Q0 7795231 15 0.0 0
181626 Q0 2896163 16 0.0 0
181626 Q0 7145925 17 0.0 0
181626 Q0 436346 18 0.0 0
197312 Q0 2317108 1 0.0 0
197312 Q0 2317106 2 0.0 0
197312 Q0 6567884 3 0.0 0
197312 Q0 5823013 4 0.0 0
197312 Q0 4682467 5 0.0 0
197312 Q0 4682470 6 0.0 0
197312 Q0 4682475 7 0.0 0
197312 Q0 8643402 8 0.0 0
197312 Q0 4702229 9 0.0 0
197312 Q0 2410026 10 0.0 0
197312 Q0 5646835 11 0.0 0
197312 Q0 1455751 12 0.0 0
197312 Q0 8643401 13 0.0 0
197312 Q0 5823008 14 0.0 0
197312 Q0 7849456 15 0.0 0
197312 Q0 3523643 16 0.0 0
197312 Q0 3523636 17 0.0 0
197312 Q0 5823015 18 0.0 0
197312 Q0 3718242 19 0.0 0
197312 Q0 6397297 20 0.0 0
206106 Q0 2947646 1 0.0 0
206106 Q0 3703302 2 0.0 0
206106 Q0 7118029 3 0.0 0
23849 Q0 8010561 1 0.0 0
23849 Q0 3978767 2 0.0 0
23849 Q0 4834498 3 0.0 0
23849 Q0 1944730 4 0.0 0
23849 Q0 5888570 5 0.0 0
240158 Q0 4874198 1 0.0 0
240158 Q0 6536692 2 0.0 0
240158 Q0 991184 3 0.0 0
240158 Q0 2043788 4 0.0 0
246883 Q0 5050393 1 0.0 0
256942 Q0 6084788 1 0.0 0
256942 Q0 2602557 2 0.0 0
256942 Q0 6516329 3 0.0 0
256942 Q0 3903857 4 0.0 0
256942 Q0 7318001 5 0.0 0
256942 Q0 3504569 6 0.0 0
256942 Q0 5475715 7 0.0 0
256942 Q0 1618629 8 0.0 0
256942 Q0 6330913 9 0.0 0
256942 Q0 556756 10 0.0 0
256942 Q0 5527753 11 0.0 0
256942 Q0 5850346 12 0.0 0
256942 Q0 7687954 13 0.0 0
257119 Q0 8499023 1 0.0 0
258062 Q0 2707010 1 0.0 0
258062 Q0 8694161 2 0.0 0
258062 Q0 4159145 3 0.0 0
258062 Q0 18103 4 0.0 0
258062 Q0 8590289 5 0.0 0
273695 Q0 8282608 1 0.0 0
273695 Q0 7381998 2 0.0 0
273695 Q0 2714742 3 0.0 0
273695 Q0 8636048 4 0.0 0
273695 Q0 4171983 5 0.0 0
273695 Q0 7755547 6 0.0 0
273695 Q0 7381997 7 0.0 0
273695 Q0 413464 8 0.0 0
273695 Q0 8282609 9 0.0 0
273695 Q0 8282604 10 0.0 0
273695 Q0 413460 11 0.0 0
273695 Q0 2714741 12 0.0 0
273695 Q0 6079039 13 0.0 0
273695 Q0 5542707 14 0.0 0
273695 Q0 8282606 15 0.0 0
273695 Q0 4022066 16 0.0 0
273695 Q0 5542705 17 0.0 0
273695 Q0 6755365 18 0.0 0
273695 Q0 305028 19 0.0 0
273695 Q0 413461 20 0.0 0
302846 Q0 8418433 1 0.0 0
324585 Q0 7941125 1 0.0 0
330501 Q0 7354312 1 0.0 0
330501 Q0 4397700 2 0.0 0
330501 Q0 452513 3 0.0 0
330501 Q0 2841868 4 0.0 0
330501 Q0 3659102 5 0.0 0
330501 Q0 2113064 6 0.0 0
330501 Q0 1334459 7 0.0 0
330501 Q0 859427 8 0.0 0
330501 Q0 5504992 9 0.0 0
330501 Q0 6728210 10 0.0 0
330501 Q0 6647777 11 0.0 0
330501 Q0 1446610 12 0.0 0
330501 Q0 8703164 13 0.0 0
330501 Q0 6006326 14 0.0 0
330501 Q0 3793480 15 0.0 0
330501 Q0 5577015 16 0.0 0
330501 Q0 6313002 17 0.0 0
330501 Q0 2850230 18 0.0 0
330501 Q0 1055153 19 0.0 0
330501 Q0 8501207 20 0.0 0
330975 Q0 233946 1 0.0 0
330975 Q0 3297856 2 0.0 0
330975 Q0 233944 3 0.0 0
330975 Q0 3297860 4 0.0 0
330975 Q0 5393803 5 0.0 0
330975 Q0 7998086 6 0.0 0
330975 Q0 3857964 7 0.0 0
330975 Q0 5750880 8 0.0 0
330975 Q0 5393804 9 0.0 0
330975 Q0 6559225 10 0.0 0
330975 Q0 4392140 11 0.0 0
330975 Q0 5557976 12 0.0 0
330975 Q0 4408867 13 0.0 0
330975 Q0 3857965 14 0.0 0
332593 Q0 8434873 1 0.0 0
332593 Q0 5241323 2 0.0 0
332593 Q0 8091681 3 0.0 0
336901 Q0 8528677 1 0.0 0
336901 Q0 8130980 2 0.0 0
336901 Q0 7836261 3 0.0 0
336901 Q0 6096614 4 0.0 0
336901 Q0 8528680 5 0.0 0
336901 Q0 8528674 6 0.0 0
336901 Q0 2909600 7 0.0 0
336901 Q0 3386083 8 0.0 0
336901 Q0 8528681 9 0.0 0
336901 Q0 8528678 10 0.0 0
336901 Q0 8740069 11 0.0 0
336901 Q0 2537065 12 0.0 0
336901 Q0 4028521 13 0.0 0
336901 Q0 8528679 14 0.0 0
336901 Q0 7836255 15 0.0 0
336901 Q0 5147393 16 0.0 0
336901 Q0 8528675 17 0.0 0
336901 Q0 8528682 18 0.0 0
336901 Q0 7459686 19 0.0 0
336901 Q0 6017280 20 0.0 0
3505 Q0 1030851 1 0.0 0
3505 Q0 1076196 2 0.0 0
3505 Q0 8261965 3 0.0 0
3505 Q0 2631212 4 0.0 0
3505 Q0 632608 5 0.0 0
3505 Q0 8285655 6 0.0 0
3505 Q0 1540462 7 0.0 0
3505 Q0 3998751 8 0.0 0
3505 Q0 4085786 9 0.0 0
3505 Q0 1030852 10 0.0 0
3505 Q0 1527112 11 0.0 0
3505 Q0 5469617 12 0.0 0
3505 Q0 8285654 13 0.0 0
3505 Q0 5929741 14 0.0 0
3505 Q0 8285653 15 0.0 0
3505 Q0 3133637 16 0.0 0
3505 Q0 3998756 17 0.0 0
3505 Q0 8285656 18 0.0 0
3505 Q0 4085781 19 0.0 0
3505 Q0 502056 20 0.0 0
360721 Q0 6318492 1 0.0 0
360721 Q0 5701811 2 0.0 0
360721 Q0 5751601 3 0.0 0
360721 Q0 4284999 4 0.0 0
360721 Q0 5286462 5 0.0 0
360721 Q0 1750204 6 0.0 0
360721 Q0 2700483 7 0.0 0
360721 Q0 7043084 8 0.0 0
384356 Q0 7565188 1 0.0 0
390360 Q0 8630614 1 0.0 0
390360 Q0 1093722 2 0.0 0
390360 Q0 6179316 3 0.0 0
405163 Q0 429246 1 0.0 0
405163 Q0 429247 2 0.0 0
405163 Q0 429245 3 0.0 0
405163 Q0 7622492 4 0.0 0
405163 Q0 1352548 5 0.0 0
405163 Q0 851536 6 0.0 0
405163 Q0 978353 7 0.0 0
405163 Q0 6945009 8 0.0 0
405163 Q0 1518541 9 0.0 0
405163 Q0 6289824 10 0.0 0
405163 Q0 6945011 11 0.0 0
405163 Q0 6916264 12 0.0 0
405163 Q0 558752 13 0.0 0
405163 Q0 2748170 14 0.0 0
405163 Q0 5922369 15 0.0 0
405163 Q0 6945014 16 0.0 0
405163 Q0 3377714 17 0.0 0
405163 Q0 3602402 18 0.0 0
405163 Q0 3377720 19 0.0 0
425632 Q0 8454642 1 0.0 0
425632 Q0 8454636 2 0.0 0
426175 Q0 5030738 1 0.0 0
426175 Q0 3870458 2 0.0 0
426175 Q0 6758532 3 0.0 0
426175 Q0 3355368 4 0.0 0
426175 Q0 330964 5 0.0 0
426175 Q0 4362255 6 0.0 0
426175 Q0 8096847 7 0.0 0
426175 Q0 3751377 8 0.0 0
426175 Q0 6209130 9 0.0 0
426175 Q0 8551347 10 0.0 0
426175 Q0 3957683 11 0.0 0
426175 Q0 5780131 12 0.0 0
426175 Q0 6049564 13 0.0 0
426175 Q0 6398649 14 0.0 0
426175 Q0 5079588 15 0.0 0
426175 Q0 2624943 16 0.0 0
426175 Q0 2354379 17 0.0 0
426175 Q0 5765023 18 0.0 0
426175 Q0 3355365 19 0.0 0
426175 Q0 1610743 20 0.0 0
435548 Q0 7875424 1 0.0 0
435548 Q0 7875421 2 0.0 0
435548 Q0 1394884 3 0.0 0
435548 Q0 8547993 4 0.0 0
435548 Q0 6424374 5 0.0 0
435548 Q0 8547992 6 0.0 0
435548 Q0 1630686 7 0.0 0
435548 Q0 7875423 8 0.0 0
435548 Q0 5766055 9 0.0 0
435548 Q0 7638617 10 0.0 0
435548 Q0 6064445 11 0.0 0
435548 Q0 8408714 12 0.0 0
435548 Q0 8547986 13 0.0 0
435548 Q0 7875428 14 0.0 0
435548 Q0 2392453 15 0.0 0
435548 Q0 6231995 16 0.0 0
435548 Q0 4524545 17 0.0 0
435548 Q0 5069002 18 0.0 0
435548 Q0 5823299 19 0.0 0
435548 Q0 8638476 20 0.0 0
436707 Q0 3370495 1 0.0 0
436707 Q0 3978104 2 0.0 0
436707 Q0 8200621 3 0.0 0
436707 Q0 3970245 4 0.0 0
436707 Q0 8698599 5 0.0 0
436707 Q0 6713005 6 0.0 0
436707 Q0 4194556 7 0.0 0
436707 Q0 2462247 8 0.0 0
436707 Q0 3133356 9 0.0 0
436707 Q0 3603390 10 0.0 0
436707 Q0 1094358 11 0.0 0
436707 Q0 1175225 12 0.0 0
436707 Q0 3970246 13 0.0 0
436707 Q0 539622 14 0.0 0
436707 Q0 8710206 15 0.0 0
436707 Q0 2746058 16 0.0 0
436707 Q0 8144996 17 0.0 0
436707 Q0 5186084 18 0.0 0
436707 Q0 6014078 19 0.0 0
436707 Q0 1825031 20 0.0 0
444389 Q0 8495210 1 0.0 0
449367 Q0 2596719 1 0.0 0
449367 Q0 590231 2 0.0 0
452915 Q0 1844988 1 0.0 0
452915 Q0 2447912 2 0.0 0
452915 Q0 4337790 3 0.0 0
452915 Q0 3812164 4 0.0 0
452915 Q0 1364570 5 0.0 0
452915 Q0 1114881 6 0.0 0
452915 Q0 1412765 7 0.0 0
463271 Q0 4471142 1 0.0 0
463271 Q0 7858408 2 0.0 0
463271 Q0 6326076 3 0.0 0
463271 Q0 6776238 4 0.0 0
463271 Q0 2763538 5 0.0 0
463271 Q0 5040057 6 0.0 0
463271 Q0 6239592 7 0.0 0
463271 Q0 5951495 8 0.0 0
463271 Q0 3188124 9 0.0 0
463271 Q0 2455689 10 0.0 0
463271 Q0 2992322 11 0.0 0
463271 Q0 5252809 12 0.0 0
463271 Q0 6005621 13 0.0 0
463271 Q0 6581957 14 0.0 0
463271 Q0 8249337 15 0.0 0
463271 Q0 4271732 16 0.0 0
463271 Q0 8326633 17 0.0 0
463271 Q0 8535342 18 0.0 0
463271 Q0 1460432 19 0.0 0
463271 Q0 6096496 20 0.0 0
469589 Q0 4871853 1 0.0 0
469589 Q0 8581474 2 0.0 0
469589 Q0 8581468 3 0.0 0
469589 Q0 6441572 4 0.0 0
47210 Q0 2546005 1 0.0 0
47210 Q0 2546001 2 0.0 0
47210 Q0 2546002 3 0.0 0
47210 Q0 2042918 4 0.0 0
47210 Q0 6180504 5 0.0 0
47210 Q0 2545998 6 0.0 0
47210 Q0 2546007 7 0.0 0
482726 Q0 8631674 1 0.0 0
482726 Q0 4156480 2 0.0 0
482726 Q0 579493 3 0.0 0
482726 Q0 4156483 4 0.0 0
482726 Q0 3671420 5 0.0 0
482726 Q0 7645691 6 0.0 0
482726 Q0 7711483 7 0.0 0
482726 Q0 2354914 8 0.0 0
482726 Q0 2354913 9 0.0 0
482726 Q0 8801305 10 0.0 0
482726 Q0 8463206 11 0.0 0
482726 Q0 584797 12 0.0 0
482726 Q0 7416900 13 0.0 0
482726 Q0 2354915 14 0.0 0
482726 Q0 5158933 15 0.0 0
482726 Q0 6226200 16 0.0 0
48792 Q0 64047 1 0.0 0
48792 Q0 64041 2 0.0 0
48792 Q0 64048 3 0.0 0
50122 Q0 425197 1 0.0 0
514096 Q0 4241409 1 0.0 0
514096 Q0 2396755 2 0.0 0
514096 Q0 6285508 3 0.0 0
514096 Q0 8463474 4 0.0 0
514096 Q0 4859514 5 0.0 0
514096 Q0 3001229 6 0.0 0
514096 Q0 4201283 7 0.0 0
514096 Q0 5909386 8 0.0 0
514096 Q0 1112178 9 0.0 0
514096 Q0 7334271 10 0.0 0
514096 Q0 4685860 11 0.0 0
514096 Q0 3001231 12 0.0 0
514096 Q0 7327728 13 0.0 0
514096 Q0 7088111 14 0.0 0
514096 Q0 5992574 15 0.0 0
514096 Q0 1201370 16 0.0 0
514096 Q0 5788120 17 0.0 0
514096 Q0 1868153 18 0.0 0
514096 Q0 4685859 19 0.0 0
514096 Q0 1201371 20 0.0 0
519025 Q0 288148 1 0.0 0
519025 Q0 7990488 2 0.0 0
519025 Q0 6125050 3 0.0 0
519025 Q0 2692126 4 0.0 0
519025 Q0 4232478 5 0.0 0
519025 Q0 6744899 6 0.0 0
519025 Q0 7433302 7 0.0 0
519025 Q0 788197 8 0.0 0
519025 Q0 6289080 9 0.0 0
519025 Q0 1668313 10 0.0 0
519025 Q0 3470482 11 0.0 0
519025 Q0 3177814 12 0.0 0
519025 Q0 4013880 13 0.0 0
519025 Q0 4174245 14 0.0 0
519025 Q0 1783539 15 0.0 0
519025 Q0 4873830 16 0.0 0
519025 Q0 1796238 17 0.0 0
519025 Q0 6805536 18 0.0 0
519025 Q0 2292345 19 0.0 0
519025 Q0 1312553 20 0.0 0
53233 Q0 8333467 1 0.0 0
53233 Q0 8257054 2 0.0 0
53233 Q0 8333463 3 0.0 0
53233 Q0 8333470 4 0.0 0
53233 Q0 341768 5 0.0 0
53233 Q0 7355044 6 0.0 0
53233 Q0 5256809 7 0.0 0
53233 Q0 8333466 8 0.0 0
53233 Q0 8257056 9 0.0 0
53233 Q0 341766 10 0.0 0
53233 Q0 7075392 11 0.0 0
53233 Q0 8333465 12 0.0 0
53233 Q0 8333464 13 0.0 0
53233 Q0 8257049 14 0.0 0
53233 Q0 8257047 15 0.0 0
53233 Q0 8333471 16 0.0 0
537060 Q0 8420027 1 0.0 0
537060 Q0 8420024 2 0.0 0
537060 Q0 8420026 3 0.0 0
537060 Q0 1086305 4 0.0 0
537060 Q0 8420025 5 0.0 0
537060 Q0 8420028 6 0.0 0
537060 Q0 8420032 7 0.0 0
537060 Q0 8420031 8 0.0 0
537060 Q0 8420029 9 0.0 0
537060 Q0 8809372 10 0.0 0
537060 Q0 8420030 11 0.0 0
543273 Q0 8507214 1 0.0 0
543273 Q0 8507209 2 0.0 0
543273 Q0 5990522 3 0.0 0
543273 Q0 8507208 4 0.0 0
543273 Q0 8507212 5 0.0 0
543273 Q0 4308075 6 0.0 0
543273 Q0 3143117 7 0.0 0
543273 Q0 4308073 8 0.0 0
543273 Q0 4067764 9 0.0 0
545355 Q0 4290924 1 0.0 0
545355 Q0 4290920 2 0.0 0
545355 Q0 8547218 3 0.0 0
545355 Q0 4290921 4 0.0 0
545355 Q0 8547215 5 0.0 0
545355 Q0 4290922 6 0.0 0
545355 Q0 4290923 7 0.0 0
555530 Q0 1754577 1 0.0 0
555530 Q0 7475084 2 0.0 0
555530 Q0 4894013 3 0.0 0
555530 Q0 971429 4 0.0 0
555530 Q0 7474908 5 0.0 0
555530 Q0 642398 6 0.0 0
555530 Q0 510464 7 0.0 0
555530 Q0 1897716 8 0.0 0
555530 Q0 1618153 9 0.0 0
555530 Q0 1754579 10 0.0 0
555530 Q0 4071881 11 0.0 0
555530 Q0 3003062 12 0.0 0
555530 Q0 5544601 13 0.0 0
555530 Q0 1452313 14 0.0 0
555530 Q0 4448364 15 0.0 0
555530 Q0 561169 16 0.0 0
555530 Q0 2978171 17 0.0 0
555530 Q0 7766459 18 0.0 0
555530 Q0 3527047 19 0.0 0
555530 Q0 642392 20 0.0 0
583468 Q0 7465954 1 0.0 0
583468 Q0 6654305 2 0.0 0
583468 Q0 8326078 3 0.0 0
583468 Q0 7491704 4 0.0 0
583468 Q0 7491702 5 0.0 0
583468 Q0 6654310 6 0.0 0
583468 Q0 6654308 7 0.0 0
583468 Q0 6286924 8 0.0 0
583468 Q0 2080313 9 0.0 0
583468 Q0 2080306 10 0.0 0
583468 Q0 6286928 11 0.0 0
583468 Q0 6286925 12 0.0 0
583468 Q0 6286919 13 0.0 0
583468 Q0 5623834 14 0.0 0
583468 Q0 2267054 15 0.0 0
583468 Q0 2267052 16 0.0 0
583468 Q0 1675568 17 0.0 0
583468 Q0 1675566 18 0.0 0
583468 Q0 1675564 19 0.0 0
583468 Q0 1675562 20 0.0 0
586148 Q0 996784 1 0.0 0
586148 Q0 5056079 2 0.0 0
586148 Q0 6377220 3 0.0 0
586148 Q0 7779366 4 0.0 0
586148 Q0 7279476 5 0.0 0
586148 Q0 5801857 6 0.0 0
586148 Q0 3465684 7 0.0 0
586148 Q0 5801858 8 0.0 0
586148 Q0 5254856 9 0.0 0
586148 Q0 4487946 10 0.0 0
586148 Q0 4487942 11 0.0 0
586148 Q0 3971057 12 0.0 0
586148 Q0 2811037 13 0.0 0
586148 Q0 2412810 14 0.0 0
586148 Q0 2127429 15 0.0 0
586148 Q0 1554185 16 0.0 0
586148 Q0 1013030 17 0.0 0
586148 Q0 960743 18 0.0 0
586148 Q0 488567 19 0.0 0
586148 Q0 488564 20 0.0 0
590019 Q0 8283776 1 0.0 0
590019 Q0 429022 2 0.0 0
590019 Q0 621853 3 0.0 0
590019 Q0 954069 4 0.0 0
590019 Q0 621852 5 0.0 0
590019 Q0 1945675 6 0.0 0
590019 Q0 2045099 7 0.0 0
590019 Q0 2229814 8 0.0 0
590019 Q0 6918884 9 0.0 0
590019 Q0 6719004 10 0.0 0
590019 Q0 4892054 11 0.0 0
590019 Q0 1368415 12 0.0 0
590019 Q0 7162401 13 0.0 0
590019 Q0 7000643 14 0.0 0
590019 Q0 2297478 15 0.0 0
590019 Q0 3913951 16 0.0 0
590019 Q0 2045098 17 0.0 0
590019 Q0 5052122 18 0.0 0
590019 Q0 4501390 19 0.0 0
590019 Q0 1989233 20 0.0 0
605127 Q0 1137979 1 0.0 0
605127 Q0 5121398 2 0.0 0
605127 Q0 8642036 3 0.0 0
605127 Q0 1137978 4 0.0 0
605127 Q0 8642038 5 0.0 0
605127 Q0 8594907 6 0.0 0
605127 Q0 8547782 7 0.0 0
605127 Q0 1137982 8 0.0 0
605127 Q0 1137981 9 0.0 0
605127 Q0 3679424 10 0.0 0
605127 Q0 6888324 11 0.0 0
605127 Q0 1137975 12 0.0 0
610265 Q0 875339 1 0.0 0
610265 Q0 5883896 2 0.0 0
610265 Q0 474853 3 0.0 0
610265 Q0 4769565 4 0.0 0
610265 Q0 721903 5 0.0 0
610265 Q0 7257193 6 0.0 0
610265 Q0 1030291 7 0.0 0
610265 Q0 5199787 8 0.0 0
610265 Q0 683817 9 0.0 0
610265 Q0 7883528 10 0.0 0
610265 Q0 4758657 11 0.0 0
610265 Q0 5913894 12 0.0 0
610265 Q0 6892252 13 0.0 0
610265 Q0 6101335 14 0.0 0
610265 Q0 721898 15 0.0 0
610265 Q0 7287206 16 0.0 0
610265 Q0 5899984 17 0.0 0
610265 Q0 683818 18 0.0 0
610265 Q0 8700953 19 0.0 0
610265 Q0 4251235 20 0.0 0
611953 Q0 484756 1 0.0 0
640502 Q0 4835717 1 0.0 0
640502 Q0 3911195 2 0.0 0
640502 Q0 6959430 3 0.0 0
640502 Q0 6497385 4 0.0 0
640502 Q0 6202949 5 0.0 0
640502 Q0 6202947 6 0.0 0
640502 Q0 3931771 7 0.0 0
640502 Q0 3931770 8 0.0 0
640502 Q0 3310402 9 0.0 0
640502 Q0 2316210 10 0.0 0
640502 Q0 708327 11 0.0 0
640502 Q0 6679962 12 0.0 0
640502 Q0 6282842 13 0.0 0
640502 Q0 6202948 14 0.0 0
640502 Q0 5150987 15 0.0 0
640502 Q0 1672891 16 0.0 0
640502 Q0 1449253 17 0.0 0
640502 Q0 1126451 18 0.0 0
640502 Q0 664834 19 0.0 0
640502 Q0 598204 20 0.0 0
64647 Q0 8293652 1 0.0 0
64647 Q0 8293649 2 0.0 0
64647 Q0 4161653 3 0.0 0
653399 Q0 7211595 1 0.0 0
653399 Q0 1969533 2 0.0 0
653399 Q0 1186685 3 0.0 0
653399 Q0 5896009 4 0.0 0
655526 Q0 206999 1 0.0 0
655526 Q0 3864910 2 0.0 0
655526 Q0 2105608 3 0.0 0
655914 Q0 8613495 1 0.0 0
660198 Q0 724572 1 0.0 0
660198 Q0 724579 2 0.0 0
660198 Q0 1149909 3 0.0 0
660198 Q0 2845619 4 0.0 0
660198 Q0 8554587 5 0.0 0
660198 Q0 8554586 6 0.0 0
660198 Q0 523897 7 0.0 0
660198 Q0 830692 8 0.0 0
660198 Q0 8582969 9 0.0 0
660198 Q0 4264629 10 0.0 0
660198 Q0 4208220 11 0.0 0
660198 Q0 7327517 12 0.0 0
660198 Q0 250542 13 0.0 0
660198 Q0 8557043 14 0.0 0
660198 Q0 4990988 15 0.0 0
660198 Q0 3831624 16 0.0 0
660198 Q0 1507016 17 0.0 0
660198 Q0 5099908 18 0.0 0
660198 Q0 1988758 19 0.0 0
660198 Q0 708385 20 0.0 0
67316 Q0 6680964 1 0.0 0
67316 Q0 7112302 2 0.0 0
673670 Q0 3607501 1 0.0 0
673670 Q0 2240359 2 0.0 0
673670 Q0 3607497 3 0.0 0
673670 Q0 8837082 4 0.0 0
673670 Q0 8837075 5 0.0 0
673670 Q0 8837074 6 0.0 0
673670 Q0 8632357 7 0.0 0
673670 Q0 7732030 8 0.0 0
673670 Q0 7257304 9 0.0 0
673670 Q0 4013569 10 0.0 0
673670 Q0 3607495 11 0.0 0
673670 Q0 2240358 12 0.0 0
673670 Q0 2240357 13 0.0 0
673670 Q0 2240355 14 0.0 0
673670 Q0 2240354 15 0.0 0
673670 Q0 2240353 16 0.0 0
673670 Q0 1905068 17 0.0 0
673670 Q0 1905070 18 0.0 0
673670 Q0 824934 19 0.0 0
673670 Q0 814827 20 0.0 0
701453 Q0 4355647 1 0.0 0
701453 Q0 4330679 2 0.0 0
701453 Q0 4355649 3 0.0 0
701453 Q0 4330677 4 0.0 0
701453 Q0 688615 5 0.0 0
701453 Q0 688614 6 0.0 0
701453 Q0 688618 7 0.0 0
701453 Q0 8626149 8 0.0 0
701453 Q0 6999087 9 0.0 0
701453 Q0 2036076 10 0.0 0
701453 Q0 4330671 11 0.0 0
701453 Q0 4355645 12 0.0 0
701453 Q0 7062710 13 0.0 0
701453 Q0 2036081 14 0.0 0
701453 Q0 8626143 15 0.0 0
701453 Q0 7806569 16 0.0 0
701453 Q0 4330676 17 0.0 0
701453 Q0 8626140 18 0.0 0
701453 Q0 4330678 19 0.0 0
701453 Q0 8626147 20 0.0 0
703782 Q0 4061595 1 0.0 0
703782 Q0 3740779 2 0.0 0
703782 Q0 8124558 3 0.0 0
703782 Q0 4948640 4 0.0 0
703782 Q0 8476024 5 0.0 0
703782 Q0 4061598 6 0.0 0
703782 Q0 8476028 7 0.0 0
703782 Q0 1547134 8 0.0 0
703782 Q0 4061593 9 0.0 0
703782 Q0 7687244 10 0.0 0
703782 Q0 4061597 11 0.0 0
703782 Q0 4528016 12 0.0 0
703782 Q0 8642284 13 0.0 0
703782 Q0 2937592 14 0.0 0
703782 Q0 3171966 15 0.0 0
703782 Q0 8124561 16 0.0 0
703782 Q0 8476023 17 0.0 0
703782 Q0 5899533 18 0.0 0
703782 Q0 1946449 19 0.0 0
703782 Q0 2937589 20 0.0 0
708979 Q0 7311446 1 0.0 0
708979 Q0 7810079 2 0.0 0
708979 Q0 6157147 3 0.0 0
708979 Q0 8088370 4 0.0 0
708979 Q0 3208922 5 0.0 0
708979 Q0 2304761 6 0.0 0
708979 Q0 3208928 7 0.0 0
708979 Q0 5654902 8 0.0 0
708979 Q0 5499482 9 0.0 0
708979 Q0 2304755 10 0.0 0
708979 Q0 5058511 11 0.0 0
708979 Q0 6879236 12 0.0 0
708979 Q0 7467955 13 0.0 0
708979 Q0 4805197 14 0.0 0
708979 Q0 1362798 15 0.0 0
708979 Q0 171953 16 0.0 0
708979 Q0 7810078 17 0.0 0
708979 Q0 7495691 18 0.0 0
708979 Q0 8088373 19 0.0 0
708979 Q0 3811546 20 0.0 0
716113 Q0 8520612 1 0.0 0
716113 Q0 8520611 2 0.0 0
716113 Q0 8520617 3 0.0 0
716113 Q0 8520618 4 0.0 0
716113 Q0 8520614 5 0.0 0
716113 Q0 8520613 6 0.0 0
716113 Q0 8520616 7 0.0 0
716113 Q0 8520610 8 0.0 0
730539 Q0 2666444 1 0.0 0
730539 Q0 8276218 2 0.0 0
730539 Q0 8577877 3 0.0 0
730539 Q0 5428552 4 0.0 0
730539 Q0 8577876 5 0.0 0
730539 Q0 4605022 6 0.0 0
735482 Q0 8405801 1 0.0 0
735482 Q0 8405807 2 0.0 0
735482 Q0 8405802 3 0.0 0
735482 Q0 4823368 4 0.0 0
735482 Q0 338960 5 0.0 0
735482 Q0 4551780 6 0.0 0
735482 Q0 8405806 7 0.0 0
735482 Q0 8405803 8 0.0 0
735482 Q0 8405804 9 0.0 0
735482 Q0 8405808 10 0.0 0
735482 Q0 8405809 11 0.0 0
735482 Q0 5983415 12 0.0 0
735482 Q0 7109736 13 0.0 0
735482 Q0 2901394 14 0.0 0
735482 Q0 3736944 15 0.0 0
735922 Q0 8626890 1 0.0 0
735922 Q0 8626892 2 0.0 0
735922 Q0 5537112 3 0.0 0
735922 Q0 8626887 4 0.0 0
735922 Q0 7045102 5 0.0 0
735922 Q0 5537109 6 0.0 0
735922 Q0 6417110 7 0.0 0
735922 Q0 1240692 8 0.0 0
735922 Q0 4125109 9 0.0 0
735922 Q0 6417109 10 0.0 0
735922 Q0 7760682 11 0.0 0
735922 Q0 2381629 12 0.0 0
735922 Q0 5861444 13 0.0 0
735922 Q0 180247 14 0.0 0
735922 Q0 8831358 15 0.0 0
735922 Q0 281697 16 0.0 0
735922 Q0 7371194 17 0.0 0
735922 Q0 6542090 18 0.0 0
735922 Q0 7208426 19 0.0 0
735922 Q0 1432224 20 0.0 0
75198 Q0 8256960 1 0.0 0
75198 Q0 7088445 2 0.0 0
75198 Q0 7088442 3 0.0 0
75198 Q0 7797928 4 0.0 0
75198 Q0 2140522 5 0.0 0
75198 Q0 6862217 6 0.0 0
75198 Q0 2932859 7 0.0 0
75198 Q0 2579716 8 0.0 0
75198 Q0 2140526 9 0.0 0
75198 Q0 6862216 10 0.0 0
768208 Q0 52162 1 0.0 0
768208 Q0 52155 2 0.0 0
768208 Q0 8525681 3 0.0 0
768208 Q0 52159 4 0.0 0
768208 Q0 8525683 5 0.0 0
768208 Q0 3515884 6 0.0 0
768208 Q0 3515882 7 0.0 0
768208 Q0 813102 8 0.0 0
768208 Q0 52160 9 0.0 0
768208 Q0 52158 10 0.0 0
768208 Q0 52157 11 0.0 0
768208 Q0 3187590 12 0.0 0
768208 Q0 2379474 13 0.0 0
768208 Q0 1747568 14 0.0 0
768208 Q0 617106 15 0.0 0
768208 Q0 547867 16 0.0 0
768208 Q0 52163 17 0.0 0
768208 Q0 52161 18 0.0 0
768208 Q0 52156 19 0.0 0
768208 Q0 52154 20 0.0 0
779302 Q0 8768554 1 0.0 0
779302 Q0 1583173 2 0.0 0
779302 Q0 8768558 3 0.0 0
779302 Q0 8768562 4 0.0 0
779302 Q0 8768560 5 0.0 0
779302 Q0 8768555 6 0.0 0
792635 Q0 8682263 1 0.0 0
792635 Q0 8682259 2 0.0 0
792635 Q0 8682258 3 0.0 0
792635 Q0 8682254 4 0.0 0
792635 Q0 6306494 5 0.0 0
792635 Q0 6306491 6 0.0 0
792635 Q0 4294318 7 0.0 0
792635 Q0 4294317 8 0.0 0
792635 Q0 4294312 9 0.0 0
792635 Q0 4294311 10 0.0 0
792635 Q0 8682260 11 0.0 0
792635 Q0 8682257 12 0.0 0
792635 Q0 8682255 13 0.0 0
792635 Q0 6306492 14 0.0 0
794429 Q0 8618468 1 0.0 0
794429 Q0 719934 2 0.0 0
794429 Q0 4652685 3 0.0 0
801118 Q0 7193419 1 0.0 0
801118 Q0 7193415 2 0.0 0
801118 Q0 4304866 3 0.0 0
801118 Q0 2932771 4 0.0 0
801118 Q0 1957414 5 0.0 0
801118 Q0 8133253 6 0.0 0
801118 Q0 4402520 7 0.0 0
801118 Q0 7204007 8 0.0 0
801118 Q0 7193416 9 0.0 0
801118 Q0 5690126 10 0.0 0
801118 Q0 4202258 11 0.0 0
801118 Q0 893021 12 0.0 0
801118 Q0 1026191 13 0.0 0
801118 Q0 6935861 14 0.0 0
801118 Q0 3029350 15 0.0 0
801118 Q0 7490957 16 0.0 0
801118 Q0 1473832 17 0.0 0
801118 Q0 6895161 18 0.0 0
801118 Q0 1149777 19 0.0 0
801118 Q0 3603457 20 0.0 0
804066 Q0 5655169 1 0.0 0
804066 Q0 6152070 2 0.0 0
804066 Q0 8644942 3 0.0 0
804066 Q0 1504069 4 0.0 0
804066 Q0 3277736 5 0.0 0
804066 Q0 2434653 6 0.0 0
804066 Q0 8715477 7 0.0 0
804066 Q0 8295630 8 0.0 0
804066 Q0 6105748 9 0.0 0
804066 Q0 7137028 10 0.0 0
804066 Q0 2297711 11 0.0 0
804066 Q0 8295632 12 0.0 0
804066 Q0 8122088 13 0.0 0
804066 Q0 6781812 14 0.0 0
804066 Q0 5983971 15 0.0 0
804066 Q0 846095 16 0.0 0
804066 Q0 73387 17 0.0 0
804066 Q0 4417046 18 0.0 0
804066 Q0 8838674 19 0.0 0
804066 Q0 5219583 20 0.0 0
808400 Q0 2661718 1 0.0 0
808400 Q0 8452445 2 0.0 0
808400 Q0 8225891 3 0.0 0
808400 Q0 5632799 4 0.0 0
808400 Q0 117914 5 0.0 0
808400 Q0 5598346 6 0.0 0
808400 Q0 5632802 7 0.0 0
808400 Q0 541108 8 0.0 0
808400 Q0 5834423 9 0.0 0
808400 Q0 3513547 10 0.0 0
808400 Q0 3513545 11 0.0 0
808400 Q0 3513543 12 0.0 0
808400 Q0 3513542 13 0.0 0
808400 Q0 2498805 14 0.0 0
808400 Q0 8452447 15 0.0 0
808400 Q0 4373756 16 0.0 0
808400 Q0 5632803 17 0.0 0
808400 Q0 225406 18 0.0 0
808400 Q0 3199879 19 0.0 0
808400 Q0 4116288 20 0.0 0
809525 Q0 1428575 1 0.0 0
809525 Q0 2077416 2 0.0 0
809525 Q0 1428570 3 0.0 0
809525 Q0 1428574 4 0.0 0
809525 Q0 2077420 5 0.0 0
809525 Q0 7131042 6 0.0 0
809525 Q0 1428573 7 0.0 0
809525 Q0 2077417 8 0.0 0
814183 Q0 8679359 1 0.0 0
819983 Q0 8312879 1 0.0 0
819983 Q0 8702984 2 0.0 0
819983 Q0 8718419 3 0.0 0
819983 Q0 7786930 4 0.0 0
819983 Q0 8718423 5 0.0 0
819983 Q0 3965278 6 0.0 0
819983 Q0 8831812 7 0.0 0
819983 Q0 4139535 8 0.0 0
819983 Q0 8145644 9 0.0 0
819983 Q0 2873664 10 0.0 0
819983 Q0 6956616 11 0.0 0
819983 Q0 8087080 12 0.0 0
819983 Q0 371789 13 0.0 0
819983 Q0 1211418 14 0.0 0
819983 Q0 3822522 15 0.0 0
819983 Q0 1211419 16 0.0 0
819983 Q0 4639724 17 0.0 0
819983 Q0 6988398 18 0.0 0
819983 Q0 8796102 19 0.0 0
819983 Q0 8718421 20 0.0 0
849550 Q0 8582103 1 0.0 0
849550 Q0 5690724 2 0.0 0
849550 Q0 488856 3 0.0 0
849550 Q0 3993919 4 0.0 0
849550 Q0 6678940 5 0.0 0
849550 Q0 1373164 6 0.0 0
849550 Q0 1280212 7 0.0 0
849550 Q0 6758594 8 0.0 0
849550 Q0 8582102 9 0.0 0
849550 Q0 7104720 10 0.0 0
849550 Q0 6678934 11 0.0 0
849550 Q0 8556667 12 0.0 0
849550 Q0 8208552 13 0.0 0
849550 Q0 4061418 14 0.0 0
849550 Q0 2205981 15 0.0 0
849550 Q0 4435464 16 0.0 0
849550 Q0 6799982 17 0.0 0
849550 Q0 21515 18 0.0 0
849550 Q0 21510 19 0.0 0
849550 Q0 2712804 20 0.0 0
85020 Q0 6103683 1 0.0 0
85020 Q0 1325203 2 0.0 0
85020 Q0 5779274 3 0.0 0
85020 Q0 8313399 4 0.0 0
85020 Q0 7131186 5 0.0 0
85020 Q0 3152840 6 0.0 0
85020 Q0 7753014 7 0.0 0
85020 Q0 6103689 8 0.0 0
85020 Q0 4812246 9 0.0 0
85020 Q0 8565765 10 0.0 0
85020 Q0 7131181 11 0.0 0
85020 Q0 1946831 12 0.0 0
85020 Q0 2363146 13 0.0 0
85020 Q0 6108280 14 0.0 0
85020 Q0 5900732 15 0.0 0
85020 Q0 1801307 16 0.0 0
85020 Q0 7141974 17 0.0 0
85020 Q0 5779275 18 0.0 0
85020 Q0 2712297 19 0.0 0
85020 Q0 2711683 20 0.0 0
850358 Q0 2852825 1 0.0 0
850358 Q0 2852824 2 0.0 0
850358 Q0 2852827 3 0.0 0
850358 Q0 2852830 4 0.0 0
850358 Q0 2852826 5 0.0 0
86606 Q0 100643 1 0.0 0
86606 Q0 3413672 2 0.0 0
86606 Q0 1125763 3 0.0 0
86606 Q0 6565755 4 0.0 0
86606 Q0 6897896 5 0.0 0
86606 Q0 1096218 6 0.0 0
86606 Q0 1276902 7 0.0 0
86606 Q0 6897757 8 0.0 0
86606 Q0 878415 9 0.0 0
86606 Q0 7326821 10 0.0 0
86606 Q0 100644 11 0.0 0
86606 Q0 7156107 12 0.0 0
86606 Q0 411246 13 0.0 0
86606 Q0 2481187 14 0.0 0
86606 Q0 1173250 15 0.0 0
86606 Q0 404360 16 0.0 0
86606 Q0 6992037 17 0.0 0
86606 Q0 8422274 18 0.0 0
86606 Q0 4439542 19 0.0 0
86606 Q0 7285586 20 0.0 0
877809 Q0 6680909 1 0.0 0
877809 Q0 119535 2 0.0 0
877809 Q0 4888926 3 0.0 0
877809 Q0 8659718 4 0.0 0
877809 Q0 1939815 5 0.0 0
877809 Q0 741714 6 0.0 0
877809 Q0 2298374 7 0.0 0
877809 Q0 4757150 8 0.0 0
877809 Q0 2640804 9 0.0 0
883915 Q0 1845958 1 0.0 0
883915 Q0 2521361 2 0.0 0
883915 Q0 1491488 3 0.0 0
883915 Q0 73760 4 0.0 0
883915 Q0 3196925 5 0.0 0
883915 Q0 4109406 6 0.0 0
883915 Q0 1982647 7 0.0 0
883915 Q0 5793271 8 0.0 0
883915 Q0 8342992 9 0.0 0
883915 Q0 8079752 10 0.0 0
883915 Q0 5079047 11 0.0 0
883915 Q0 8079750 12 0.0 0
883915 Q0 8079747 13 0.0 0
883915 Q0 7095236 14 0.0 0
883915 Q0 4513177 15 0.0 0
883915 Q0 440647 16 0.0 0
883915 Q0 3676529 17 0.0 0
883915 Q0 8023659 18 0.0 0
883915 Q0 3112657 19 0.0 0
883915 Q0 7205482 20 0.0 0
88495 Q0 6297571 1 0.0 0
88495 Q0 4257716 2 0.0 0
88495 Q0 2212483 3 0.0 0
88495 Q0 8454505 4 0.0 0
88495 Q0 7705227 5 0.0 0
88495 Q0 6579243 6 0.0 0
88495 Q0 2855402 7 0.0 0
88495 Q0 1464363 8 0.0 0
88495 Q0 7113429 9 0.0 0
88495 Q0 7088444 10 0.0 0
88495 Q0 6685915 11 0.0 0
88495 Q0 6613843 12 0.0 0
88495 Q0 6528252 13 0.0 0
88495 Q0 5897701 14 0.0 0
88495 Q0 5897696 15 0.0 0
88495 Q0 3668360 16 0.0 0
88495 Q0 2875829 17 0.0 0
88495 Q0 2438037 18 0.0 0
88495 Q0 1794893 19 0.0 0
88495 Q0 244911 20 0.0 0
914916 Q0 5177082 1 0.0 0
914916 Q0 2001626 2 0.0 0
914916 Q0 2001628 3 0.0 0
914916 Q0 2631743 4 0.0 0
914916 Q0 6042350 5 0.0 0
914916 Q0 2631739 6 0.0 0
914916 Q0 8481901 7 0.0 0
91576 Q0 8279891 1 0.0 0
91576 Q0 3780281 2 0.0 0
91576 Q0 1382984 3 0.0 0
91576 Q0 4161753 4 0.0 0
938400 Q0 3088750 1 0.0 0
938400 Q0 47286 2 0.0 0
938400 Q0 7313619 3 0.0 0
938400 Q0 3088754 4 0.0 0
938400 Q0 1983233 5 0.0 0
938400 Q0 47281 6 0.0 0
938400 Q0 7239121 7 0.0 0
938400 Q0 2962210 8 0.0 0
938400 Q0 6499448 9 0.0 0
938400 Q0 47283 10 0.0 0
938400 Q0 7239122 11 0.0 0
938400 Q0 3353758 12 0.0 0
938400 Q0 5833738 13 0.0 0
938400 Q0 47290 14 0.0 0
938400 Q0 2962212 15 0.0 0
938400 Q0 1571994 16 0.0 0
938400 Q0 790225 17 0.0 0
938400 Q0 7004412 18 0.0 0
938400 Q0 4086689 19 0.0 0
938400 Q0 3353757 20 0.0 0
940547 Q0 4491773 1 0.0 0
940547 Q0 506003 2 0.0 0
940547 Q0 4612145 3 0.0 0
940547 Q0 5270011 4 0.0 0
940547 Q0 5210644 5 0.0 0
940547 Q0 8219248 6 0.0 0
940547 Q0 4800890 7 0.0 0
940547 Q0 5300654 8 0.0 0
940547 Q0 5300651 9 0.0 0
940547 Q0 4997011 10 0.0 0
940547 Q0 7855423 11 0.0 0
940547 Q0 2729630 12 0.0 0
940547 Q0 4664999 13 0.0 0
940547 Q0 8219053 14 0.0 0
940547 Q0 5300647 15 0.0 0
940547 Q0 8219244 16 0.0 0
940547 Q0 7259153 17 0.0 0
940547 Q0 8805011 18 0.0 0
940547 Q0 160231 19 0.0 0
940547 Q0 8714812 20 0.0 0
945835 Q0 4431193 1 0.0 0
945835 Q0 4431195 2 0.0 0
945835 Q0 4425412 3 0.0 0
945835 Q0 4539379 4 0.0 0
945835 Q0 5442774 5 0.0 0
978031 Q0 8744911 1 0.0 0
978031 Q0 8744912 2 0.0 0
978031 Q0 8744914 3 0.0 0
978031 Q0 2398979 4 0.0 0
978031 Q0 5971334 5 0.0 0
978031 Q0 7903792 6 0.0 0
978031 Q0 4110990 7 0.0 0
978031 Q0 5287819 8 0.0 0
978031 Q0 261672 9 0.0 0
978031 Q0 3698979 10 0.0 0
978031 Q0 7405933 11 0.0 0
978031 Q0 6843118 12 0.0 0
978031 Q0 3868961 13 0.0 0
978031 Q0 8802560 14 0.0 0
978031 Q0 4755047 15 0.0 0
978031 Q0 5122944 16 0.0 0
978031 Q0 3913874 17 0.0 0
978031 Q0 7903795 18 0.0 0
978031 Q0 4543384 19 0.0 0
978031 Q0 5624170 20 0.0 0
985594 Q0 1657406 1 0.0 0
985594 Q0 8677959 2 0.0 0
985594 Q0 8677953 3 0.0 0
985594 Q0 7740126 4 0.0 0
985594 Q0 4286031 5 0.0 0
985594 Q0 1657408 6 0.0 0
985594 Q0 1657405 7 0.0 0
985594 Q0 655890 8 0.0 0
985594 Q0 7740128 9 0.0 0
985594 Q0 7740125 10 0.0 0
985594 Q0 2909464 11 0.0 0
985594 Q0 7740127 12 0.0 0
985594 Q0 4557334 13 0.0 0
985594 Q0 4557332 14 0.0 0
985594 Q0 3566417 15 0.0 0
985594 Q0 3537759 16 0.0 0
985594 Q0 3537756 17 0.0 0
985594 Q0 3537753 18 0.0 0
985594 Q0 2703753 19 0.0 0
985594 Q0 655888 20 0.0 0
99005 Q0 8257322 1 0.0 0
997622 Q0 73460 1 0.0 0
997622 Q0 72291 2 0.0 0
997622 Q0 4518222 3 0.0 0
997622 Q0 4643397 4 0.0 0
997622 Q0 4543865 5 0.0 0
997622 Q0 73465 6 0.0 0
997622 Q0 4643394 7 0.0 0
997622 Q0 4543867 8 0.0 0
997622 Q0 4317202 9 0.0 0
997622 Q0 3369596 10 0.0 0
997622 Q0 4700299 11 0.0 0
997622 Q0 73462 12 0.0 0
999466 Q0 8748919 1 0.0 0
999466 Q0 8748914 2 0.0 0
999466 Q0 8748922 3 0.0 0
999466 Q0 8748918 4 0.0 0
999466 Q0 8748921 5 0.0 0
999466 Q0 8748920 6 0.0 0
999466 Q0 8748916 7 0.0 0
999466 Q0 8748915 8 0.0 0
999466 Q0 8748913 9 0.0 0
