1030303 Q0 8726436 1 0.0 0
1030303 Q0 8726435 2 0.0 0
1030303 Q0 8726429 3 0.0 0
1030303 Q0 8726430 4 0.0 0
1030303 Q0 8726437 5 0.0 0
1030303 Q0 1305528 6 0.0 0
1030303 Q0 7156982 7 0.0 0
1030303 Q0 8726434 8 0.0 0
1030303 Q0 1305521 9 0.0 0
1030303 Q0 1305520 10 0.0 0
1030303 Q0 309441 11 0.0 0
1030303 Q0 6222298 12 0.0 0
1030303 Q0 7970461 13 0.0 0
1030303 Q0 7168318 14 0.0 0
1030303 Q0 3738183 15 0.0 0
1030303 Q0 7284047 16 0.0 0
1030303 Q0 6764572 17 0.0 0
1030303 Q0 6939423 18 0.0 0
1030303 Q0 2488127 19 0.0 0
1030303 Q0 336399 20 0.0 0
1037496 Q0 7766587 1 0.0 0
1037496 Q0 5927420 2 0.0 0
1037496 Q0 4760912 3 0.0 0
1037496 Q0 4174377 4 0.0 0
1037496 Q0 3725936 5 0.0 0
1037496 Q0 4174376 6 0.0 0
1037496 Q0 3725937 7 0.0 0
1037496 Q0 4187304 8 0.0 0
1037496 Q0 3725935 9 0.0 0
1037496 Q0 3725932 10 0.0 0
1037496 Q0 4760914 11 0.0 0
1037496 Q0 3725940 12 0.0 0
1037496 Q0 4912163 13 0.0 0
1037496 Q0 4174378 14 0.0 0
1037496 Q0 3725931 15 0.0 0
1037496 Q0 2725825 16 0.0 0
1037496 Q0 8196479 17 0.0 0
1037496 Q0 4187303 18 0.0 0
1037496 Q0 7766585 19 0.0 0
1037496 Q0 4905511 20 0.0 0
1043135 Q0 8696952 1 0.0 0
1043135 Q0 8696961 2 0.0 0
1043135 Q0 650642 3 0.0 0
1043135 Q0 8696955 4 0.0 0
1043135 Q0 4994428 5 0.0 0
1043135 Q0 8696959 6 0.0 0
1043135 Q0 650644 7 0.0 0
1043135 Q0 8787047 8 0.0 0
1043135 Q0 8696958 9 0.0 0
1043135 Q0 8694703 10 0.0 0
1043135 Q0 1845643 11 0.0 0
1043135 Q0 5262282 12 0.0 0
1043135 Q0 4994429 13 0.0 0
1043135 Q0 7945768 14 0.0 0
1043135 Q0 5262285 15 0.0 0
1043135 Q0 2664991 16 0.0 0
1043135 Q0 1727793 17 0.0 0
1043135 Q0 1845644 18 0.0 0
1043135 Q0 2664986 19 0.0 0
1043135 Q0 1845639 20 0.0 0
1045109 Q0 8838898 1 0.0 0
1045109 Q0 8838891 2 0.0 0
1045109 Q0 8838895 3 0.0 0
1045109 Q0 8838899 4 0.0 0
1045109 Q0 8838897 5 0.0 0
1045109 Q0 3578465 6 0.0 0
1045109 Q0 8838890 7 0.0 0
1045109 Q0 8838896 8 0.0 0
1045109 Q0 8838893 9 0.0 0
1045109 Q0 7620329 10 0.0 0
1045109 Q0 2913385 11 0.0 0
1045109 Q0 8838892 12 0.0 0
1045109 Q0 6942034 13 0.0 0
1045109 Q0 4988238 14 0.0 0
1045109 Q0 6201666 15 0.0 0
1045109 Q0 3578472 16 0.0 0
1045109 Q0 7008822 17 0.0 0
1045109 Q0 5912243 18 0.0 0
1045109 Q0 8266305 19 0.0 0
1045109 Q0 5693193 20 0.0 0
1049519 Q0 7106 1 0.0 0
1049519 Q0 6921021 2 0.0 0
1049519 Q0 1316185 3 0.0 0
1049519 Q0 1268054 4 0.0 0
1049519 Q0 7105 5 0.0 0
1049519 Q0 4915775 6 0.0 0
1049519 Q0 280367 7 0.0 0
1049519 Q0 4767165 8 0.0 0
1049519 Q0 5355121 9 0.0 0
1049519 Q0 8678331 10 0.0 0
1049519 Q0 6559664 11 0.0 0
1049519 Q0 5637257 12 0.0 0
1049519 Q0 3425599 13 0.0 0
1049519 Q0 7234569 14 0.0 0
1049519 Q0 4961315 15 0.0 0
1049519 Q0 7166098 16 0.0 0
1049519 Q0 521954 17 0.0 0
1049519 Q0 7104 18 0.0 0
1049519 Q0 4909458 19 0.0 0
1049519 Q0 6372532 20 0.0 0
1051399 Q0 2866972 1 0.0 0
1051399 Q0 2845499 2 0.0 0
1051399 Q0 7848674 3 0.0 0
1051399 Q0 3446937 4 0.0 0
1051399 Q0 69813 5 0.0 0
1051399 Q0 69818 6 0.0 0
1051399 Q0 2866978 7 0.0 0
1051399 Q0 8712317 8 0.0 0
1051399 Q0 4681235 9 0.0 0
1051399 Q0 8664506 10 0.0 0
1051399 Q0 4084314 11 0.0 0
1051399 Q0 5186392 12 0.0 0
1051399 Q0 3969388 13 0.0 0
1051399 Q0 5329142 14 0.0 0
1051399 Q0 4426188 15 0.0 0
1051399 Q0 4328927 16 0.0 0
1051399 Q0 5041683 17 0.0 0
1051399 Q0 8229334 18 0.0 0
1051399 Q0 7848669 19 0.0 0
1051399 Q0 3434788 20 0.0 0
1056416 Q0 8739209 1 0.0 0
1056416 Q0 2348504 2 0.0 0
1056416 Q0 2059786 3 0.0 0
1056416 Q0 8757245 4 0.0 0
1056416 Q0 3790242 5 0.0 0
1056416 Q0 2348501 6 0.0 0
1056416 Q0 1852793 7 0.0 0
1056416 Q0 2308626 8 0.0 0
1056416 Q0 5013182 9 0.0 0
1056416 Q0 8739205 10 0.0 0
1056416 Q0 8499358 11 0.0 0
1056416 Q0 4021872 12 0.0 0
1056416 Q0 1238922 13 0.0 0
1056416 Q0 8739204 14 0.0 0
1056416 Q0 7321435 15 0.0 0
1056416 Q0 4264366 16 0.0 0
1056416 Q0 4666508 17 0.0 0
1056416 Q0 8739206 18 0.0 0
1056416 Q0 6510497 19 0.0 0
1056416 Q0 895432 20 0.0 0
1064670 Q0 8680904 1 0.0 0
1064670 Q0 8680901 2 0.0 0
1064670 Q0 8680905 3 0.0 0
1064670 Q0 8680902 4 0.0 0
1064670 Q0 8680897 5 0.0 0
1064670 Q0 3555914 6 0.0 0
1064670 Q0 860041 7 0.0 0
1064670 Q0 8337453 8 0.0 0
1064670 Q0 816346 9 0.0 0
1064670 Q0 7734392 10 0.0 0
1064670 Q0 6038320 11 0.0 0
1064670 Q0 7836247 12 0.0 0
1064670 Q0 2977160 13 0.0 0
1064670 Q0 4845469 14 0.0 0
1064670 Q0 2977159 15 0.0 0
1064670 Q0 2518969 16 0.0 0
1064670 Q0 55935 17 0.0 0
1064670 Q0 6619633 18 0.0 0
1064670 Q0 6062642 19 0.0 0
1064670 Q0 6062644 20 0.0 0
1065636 Q0 1062134 1 0.0 0
1065636 Q0 4371749 2 0.0 0
1065636 Q0 436583 3 0.0 0
1065636 Q0 7409883 4 0.0 0
1065636 Q0 1062132 5 0.0 0
1065636 Q0 8490752 6 0.0 0
1065636 Q0 7358007 7 0.0 0
1065636 Q0 4371748 8 0.0 0
1065636 Q0 895516 9 0.0 0
1065636 Q0 3822992 10 0.0 0
1065636 Q0 6307138 11 0.0 0
1065636 Q0 7411495 12 0.0 0
1065636 Q0 597867 13 0.0 0
1065636 Q0 7431933 14 0.0 0
1065636 Q0 1071870 15 0.0 0
1065636 Q0 3822991 16 0.0 0
1065636 Q0 1196128 17 0.0 0
1065636 Q0 8830588 18 0.0 0
1065636 Q0 347462 19 0.0 0
1065636 Q0 508097 20 0.0 0
1071750 Q0 3928913 1 0.0 0
1071750 Q0 8698269 2 0.0 0
1071750 Q0 8378386 3 0.0 0
1071750 Q0 27185 4 0.0 0
1071750 Q0 8698268 5 0.0 0
1071750 Q0 8378390 6 0.0 0
1071750 Q0 3575934 7 0.0 0
1071750 Q0 8378385 8 0.0 0
1071750 Q0 8698274 9 0.0 0
1071750 Q0 8378389 10 0.0 0
1071750 Q0 8698271 11 0.0 0
1071750 Q0 8378382 12 0.0 0
1071750 Q0 3016481 13 0.0 0
1071750 Q0 8378384 14 0.0 0
1071750 Q0 8378388 15 0.0 0
1071750 Q0 8378387 16 0.0 0
1071750 Q0 8378383 17 0.0 0
1071750 Q0 4717401 18 0.0 0
1071750 Q0 3016482 19 0.0 0
1071750 Q0 8698276 20 0.0 0
1103153 Q0 8226436 1 0.0 0
1103153 Q0 8226445 2 0.0 0
1103153 Q0 8226439 3 0.0 0
1103153 Q0 6113506 4 0.0 0
1103153 Q0 8226438 5 0.0 0
1103153 Q0 8226444 6 0.0 0
1103153 Q0 8226441 7 0.0 0
1103153 Q0 7570096 8 0.0 0
1103153 Q0 8226440 9 0.0 0
1103153 Q0 8226443 10 0.0 0
1103153 Q0 5283122 11 0.0 0
1103153 Q0 8226437 12 0.0 0
1103153 Q0 5413697 13 0.0 0
1103153 Q0 4123353 14 0.0 0
1103153 Q0 5493567 15 0.0 0
1103153 Q0 5283127 16 0.0 0
1103153 Q0 4119107 17 0.0 0
1103153 Q0 5283120 18 0.0 0
1103153 Q0 5109890 19 0.0 0
1103153 Q0 1854487 20 0.0 0
1103791 Q0 8210884 1 0.0 0
1103791 Q0 4034845 2 0.0 0
1103791 Q0 8102064 3 0.0 0
1103791 Q0 8220286 4 0.0 0
1103791 Q0 5990068 5 0.0 0
1103791 Q0 8092344 6 0.0 0
1103791 Q0 7757481 7 0.0 0
1103791 Q0 5489323 8 0.0 0
1103791 Q0 8222181 9 0.0 0
1103791 Q0 868681 10 0.0 0
1103791 Q0 868680 11 0.0 0
1103791 Q0 7935964 12 0.0 0
1103791 Q0 7288346 13 0.0 0
1103791 Q0 1473651 14 0.0 0
1103791 Q0 8836193 15 0.0 0
1103791 Q0 6450142 16 0.0 0
1103791 Q0 1874449 17 0.0 0
1103791 Q0 865668 18 0.0 0
1103791 Q0 865661 19 0.0 0
1103791 Q0 759069 20 0.0 0
1104501 Q0 2204054 1 0.0 0
1104501 Q0 7014749 2 0.0 0
1104501 Q0 388436 3 0.0 0
1104501 Q0 7206350 4 0.0 0
1104501 Q0 5187929 5 0.0 0
1104501 Q0 6110763 6 0.0 0
1104501 Q0 2900415 7 0.0 0
1104501 Q0 2900410 8 0.0 0
1104501 Q0 1711081 9 0.0 0
1104501 Q0 3738762 10 0.0 0
1104501 Q0 460471 11 0.0 0
1104501 Q0 7023230 12 0.0 0
1104501 Q0 7062732 13 0.0 0
1104501 Q0 3342118 14 0.0 0
1104501 Q0 1985228 15 0.0 0
1104501 Q0 388437 16 0.0 0
1104501 Q0 6259315 17 0.0 0
1104501 Q0 7431269 18 0.0 0
1104501 Q0 1386858 19 0.0 0
1104501 Q0 2204055 20 0.0 0
1105792 Q0 8201618 1 0.0 0
1105792 Q0 8201612 2 0.0 0
1105792 Q0 8201611 3 0.0 0
1105792 Q0 8201616 4 0.0 0
1105792 Q0 8201613 5 0.0 0
1105792 Q0 6977017 6 0.0 0
1105792 Q0 8201614 7 0.0 0
1105792 Q0 8201617 8 0.0 0
1105792 Q0 4545233 9 0.0 0
1105792 Q0 8201610 10 0.0 0
1105792 Q0 8201619 11 0.0 0
1105792 Q0 8201615 12 0.0 0
1105792 Q0 2294057 13 0.0 0
1105792 Q0 7399820 14 0.0 0
1105792 Q0 5490903 15 0.0 0
1105792 Q0 3672136 16 0.0 0
1105792 Q0 6699898 17 0.0 0
1105792 Q0 7372393 18 0.0 0
1105792 Q0 3341720 19 0.0 0
1105792 Q0 2344062 20 0.0 0
1105860 Q0 8282567 1 0.0 0
1105860 Q0 8282566 2 0.0 0
1105860 Q0 8282565 3 0.0 0
1105860 Q0 3593906 4 0.0 0
1105860 Q0 3593905 5 0.0 0
1105860 Q0 3593904 6 0.0 0
1105860 Q0 8203550 7 0.0 0
1105860 Q0 3593907 8 0.0 0
1105860 Q0 4866505 9 0.0 0
1105860 Q0 7237676 10 0.0 0
1105860 Q0 8200937 11 0.0 0
1105860 Q0 5800122 12 0.0 0
1105860 Q0 3084502 13 0.0 0
1105860 Q0 4557626 14 0.0 0
1105860 Q0 8282572 15 0.0 0
1105860 Q0 980913 16 0.0 0
1105860 Q0 7702983 17 0.0 0
1105860 Q0 7845485 18 0.0 0
1105860 Q0 3593900 19 0.0 0
1105860 Q0 8282571 20 0.0 0
1106928 Q0 7119194 1 0.0 0
1106928 Q0 1485132 2 0.0 0
1106928 Q0 134885 3 0.0 0
1106928 Q0 7994158 4 0.0 0
1106928 Q0 1384898 5 0.0 0
1106928 Q0 6333322 6 0.0 0
1106928 Q0 2168464 7 0.0 0
1106928 Q0 2168463 8 0.0 0
1106928 Q0 665694 9 0.0 0
1106928 Q0 8190627 10 0.0 0
1106928 Q0 8190624 11 0.0 0
1106928 Q0 3626965 12 0.0 0
1106928 Q0 217961 13 0.0 0
1106928 Q0 6136155 14 0.0 0
1106928 Q0 2810684 15 0.0 0
1106928 Q0 7625591 16 0.0 0
1106928 Q0 7744803 17 0.0 0
1106928 Q0 2890466 18 0.0 0
1106928 Q0 8246796 19 0.0 0
1106928 Q0 1909781 20 0.0 0
1106979 Q0 8190140 1 0.0 0
1106979 Q0 8190137 2 0.0 0
1106979 Q0 8190134 3 0.0 0
1106979 Q0 348054 4 0.0 0
1106979 Q0 348057 5 0.0 0
1106979 Q0 7557632 6 0.0 0
1106979 Q0 7674419 7 0.0 0
1106979 Q0 799359 8 0.0 0
1106979 Q0 348055 9 0.0 0
1106979 Q0 8190133 10 0.0 0
1106979 Q0 6221487 11 0.0 0
1106979 Q0 3290651 12 0.0 0
1106979 Q0 8190136 13 0.0 0
1106979 Q0 6221491 14 0.0 0
1106979 Q0 6221486 15 0.0 0
1106979 Q0 3290646 16 0.0 0
1106979 Q0 2306620 17 0.0 0
1106979 Q0 6221490 18 0.0 0
1106979 Q0 2112598 19 0.0 0
1106979 Q0 2375313 20 0.0 0
1107315 Q0 8187302 1 0.0 0
1107315 Q0 8187299 2 0.0 0
1107315 Q0 4598318 3 0.0 0
1107315 Q0 4598311 4 0.0 0
1107315 Q0 4598312 5 0.0 0
1107315 Q0 2687026 6 0.0 0
1107315 Q0 4598309 7 0.0 0
1107315 Q0 5060880 8 0.0 0
1107315 Q0 4598310 9 0.0 0
1107315 Q0 2219303 10 0.0 0
1107315 Q0 4598316 11 0.0 0
1107315 Q0 5650014 12 0.0 0
1107315 Q0 2696417 13 0.0 0
1107315 Q0 4598317 14 0.0 0
1107315 Q0 6056076 15 0.0 0
1107315 Q0 2696416 16 0.0 0
1107315 Q0 4969895 17 0.0 0
1107315 Q0 1708353 18 0.0 0
1107315 Q0 2687024 19 0.0 0
1107315 Q0 2865686 20 0.0 0
1107440 Q0 8186231 1 0.0 0
1107440 Q0 8186223 2 0.0 0
1107440 Q0 5297995 3 0.0 0
1107440 Q0 8186224 4 0.0 0
1107440 Q0 8186229 5 0.0 0
1107440 Q0 8365842 6 0.0 0
1107440 Q0 8186230 7 0.0 0
1107440 Q0 2888119 8 0.0 0
1107440 Q0 8186222 9 0.0 0
1107440 Q0 3971063 10 0.0 0
1107440 Q0 6351990 11 0.0 0
1107440 Q0 1848127 12 0.0 0
1107440 Q0 1409567 13 0.0 0
1107440 Q0 6767634 14 0.0 0
1107440 Q0 8186228 15 0.0 0
1107440 Q0 2004856 16 0.0 0
1107440 Q0 4234832 17 0.0 0
1107440 Q0 6853719 18 0.0 0
1107440 Q0 4266209 19 0.0 0
1107440 Q0 7011012 20 0.0 0
1108450 Q0 5490903 1 0.0 0
1108450 Q0 3672136 2 0.0 0
1108450 Q0 6699898 3 0.0 0
1108450 Q0 7372393 4 0.0 0
1108450 Q0 3341720 5 0.0 0
1108450 Q0 2344062 6 0.0 0
1108450 Q0 6650998 7 0.0 0
1108450 Q0 5490907 8 0.0 0
1108450 Q0 2838747 9 0.0 0
1108450 Q0 896337 10 0.0 0
1108450 Q0 6699897 11 0.0 0
1108450 Q0 4087075 12 0.0 0
1108450 Q0 1606278 13 0.0 0
1108450 Q0 2511437 14 0.0 0
1108450 Q0 8620092 15 0.0 0
1108450 Q0 4489529 16 0.0 0
1108450 Q0 2238837 17 0.0 0
1108450 Q0 896343 18 0.0 0
1108450 Q0 5594854 19 0.0 0
1108450 Q0 1096440 20 0.0 0
1108466 Q0 6210088 1 0.0 0
1108466 Q0 2312154 2 0.0 0
1108466 Q0 8177012 3 0.0 0
1108466 Q0 3770351 4 0.0 0
1108466 Q0 3566487 5 0.0 0
1108466 Q0 3348999 6 0.0 0
1108466 Q0 2702004 7 0.0 0
1108466 Q0 5148163 8 0.0 0
1108466 Q0 2957304 9 0.0 0
1108466 Q0 3378338 10 0.0 0
1108466 Q0 8730045 11 0.0 0
1108466 Q0 2078508 12 0.0 0
1108466 Q0 2002688 13 0.0 0
1108466 Q0 2702006 14 0.0 0
1108466 Q0 6832709 15 0.0 0
1108466 Q0 5380575 16 0.0 0
1108466 Q0 3267309 17 0.0 0
1108466 Q0 8177015 18 0.0 0
1108466 Q0 886160 19 0.0 0
1108466 Q0 5380572 20 0.0 0
1108473 Q0 8176948 1 0.0 0
1108473 Q0 8176949 2 0.0 0
1108473 Q0 1188063 3 0.0 0
1108473 Q0 1188068 4 0.0 0
1108473 Q0 8176947 5 0.0 0
1108473 Q0 1970473 6 0.0 0
1108473 Q0 8614003 7 0.0 0
1108473 Q0 968416 8 0.0 0
1108473 Q0 7558666 9 0.0 0
1108473 Q0 1188069 10 0.0 0
1108473 Q0 7995915 11 0.0 0
1108473 Q0 609120 12 0.0 0
1108473 Q0 468899 13 0.0 0
1108473 Q0 4668628 14 0.0 0
1108473 Q0 6125856 15 0.0 0
1108473 Q0 1300569 16 0.0 0
1108473 Q0 8722583 17 0.0 0
1108473 Q0 7504324 18 0.0 0
1108473 Q0 7504323 19 0.0 0
1108473 Q0 1702384 20 0.0 0
1108651 Q0 6058576 1 0.0 0
1108651 Q0 1457502 2 0.0 0
1108651 Q0 7111296 3 0.0 0
1108651 Q0 8175412 4 0.0 0
1108651 Q0 8675709 5 0.0 0
1108651 Q0 7384900 6 0.0 0
1108651 Q0 8175407 7 0.0 0
1108651 Q0 6254871 8 0.0 0
1108651 Q0 3641700 9 0.0 0
1108651 Q0 8175408 10 0.0 0
1108651 Q0 7244857 11 0.0 0
1108651 Q0 3967138 12 0.0 0
1108651 Q0 4056901 13 0.0 0
1108651 Q0 8175415 14 0.0 0
1108651 Q0 4551375 15 0.0 0
1108651 Q0 8174763 16 0.0 0
1108651 Q0 4813441 17 0.0 0
1108651 Q0 5776692 18 0.0 0
1108651 Q0 8258084 19 0.0 0
1108651 Q0 815720 20 0.0 0
1108729 Q0 3405694 1 0.0 0
1108729 Q0 7993178 2 0.0 0
1108729 Q0 334958 3 0.0 0
1108729 Q0 8322380 4 0.0 0
1108729 Q0 2067547 5 0.0 0
1108729 Q0 3752176 6 0.0 0
1108729 Q0 6247015 7 0.0 0
1108729 Q0 6852366 8 0.0 0
1108729 Q0 6852365 9 0.0 0
1108729 Q0 989069 10 0.0 0
1108729 Q0 1587104 11 0.0 0
1108729 Q0 3786881 12 0.0 0
1108729 Q0 1639935 13 0.0 0
1108729 Q0 6738746 14 0.0 0
1108729 Q0 174460 15 0.0 0
1108729 Q0 3900491 16 0.0 0
1108729 Q0 7168241 17 0.0 0
1108729 Q0 1859283 18 0.0 0
1108729 Q0 3958395 19 0.0 0
1108729 Q0 7629238 20 0.0 0
1109699 Q0 5968196 1 0.0 0
1109699 Q0 4172377 2 0.0 0
1109699 Q0 360647 3 0.0 0
1109699 Q0 7501477 4 0.0 0
1109699 Q0 2769074 5 0.0 0
1109699 Q0 6594540 6 0.0 0
1109699 Q0 8165547 7 0.0 0
1109699 Q0 8011068 8 0.0 0
1109699 Q0 7722706 9 0.0 0
1109699 Q0 1350606 10 0.0 0
1109699 Q0 1630064 11 0.0 0
1109699 Q0 7603040 12 0.0 0
1109699 Q0 7515129 13 0.0 0
1109699 Q0 5521443 14 0.0 0
1109699 Q0 228764 15 0.0 0
1109699 Q0 2392020 16 0.0 0
1109699 Q0 3167066 17 0.0 0
1109699 Q0 8011066 18 0.0 0
1109699 Q0 5209931 19 0.0 0
1109699 Q0 4686518 20 0.0 0
1109707 Q0 4122615 1 0.0 0
1109707 Q0 8165491 2 0.0 0
1109707 Q0 6872195 3 0.0 0
1109707 Q0 1719374 4 0.0 0
1109707 Q0 1719371 5 0.0 0
1109707 Q0 5740304 6 0.0 0
1109707 Q0 6238285 7 0.0 0
1109707 Q0 1143389 8 0.0 0
1109707 Q0 5947139 9 0.0 0
1109707 Q0 2510185 10 0.0 0
1109707 Q0 4122618 11 0.0 0
1109707 Q0 1911564 12 0.0 0
1109707 Q0 771002 13 0.0 0
1109707 Q0 1143386 14 0.0 0
1109707 Q0 458599 15 0.0 0
1109707 Q0 8008033 16 0.0 0
1109707 Q0 1608567 17 0.0 0
1109707 Q0 5947140 18 0.0 0
1109707 Q0 2245437 19 0.0 0
1109707 Q0 3161726 20 0.0 0
1109850 Q0 8164032 1 0.0 0
1109850 Q0 8164033 2 0.0 0
1109850 Q0 8164036 3 0.0 0
1109850 Q0 8164030 4 0.0 0
1109850 Q0 3633617 5 0.0 0
1109850 Q0 8164035 6 0.0 0
1109850 Q0 2933003 7 0.0 0
1109850 Q0 8164028 8 0.0 0
1109850 Q0 6308081 9 0.0 0
1109850 Q0 3633621 10 0.0 0
1109850 Q0 7445899 11 0.0 0
1109850 Q0 3878046 12 0.0 0
1109850 Q0 3764944 13 0.0 0
1109850 Q0 3853559 14 0.0 0
1109850 Q0 7738567 15 0.0 0
1109850 Q0 2293699 16 0.0 0
1109850 Q0 5454518 17 0.0 0
1109850 Q0 4357743 18 0.0 0
1109850 Q0 5982953 19 0.0 0
1109850 Q0 3878049 20 0.0 0
1110678 Q0 2713705 1 0.0 0
1110678 Q0 2713708 2 0.0 0
1110678 Q0 8155914 3 0.0 0
1110678 Q0 7896541 4 0.0 0
1110678 Q0 7139329 5 0.0 0
1110678 Q0 1407079 6 0.0 0
1110678 Q0 8315653 7 0.0 0
1110678 Q0 8198585 8 0.0 0
1110678 Q0 4007919 9 0.0 0
1110678 Q0 7896534 10 0.0 0
1110678 Q0 7896538 11 0.0 0
1110678 Q0 7896540 12 0.0 0
1110678 Q0 7449481 13 0.0 0
1110678 Q0 7139336 14 0.0 0
1110678 Q0 6087414 15 0.0 0
1110678 Q0 6936475 16 0.0 0
1110678 Q0 8423568 17 0.0 0
1110678 Q0 7671273 18 0.0 0
1110678 Q0 6632692 19 0.0 0
1110678 Q0 1555304 20 0.0 0
1112142 Q0 969648 1 0.0 0
1112142 Q0 3974365 2 0.0 0
1112142 Q0 2542782 3 0.0 0
1112142 Q0 6808529 4 0.0 0
1112142 Q0 7866090 5 0.0 0
1112142 Q0 3705084 6 0.0 0
1112142 Q0 8256126 7 0.0 0
1112142 Q0 2384100 8 0.0 0
1112142 Q0 1237663 9 0.0 0
1112142 Q0 238257 10 0.0 0
1112142 Q0 3974369 11 0.0 0
1112142 Q0 283092 12 0.0 0
1112142 Q0 5703612 13 0.0 0
1112142 Q0 8141289 14 0.0 0
1112142 Q0 6460815 15 0.0 0
1112142 Q0 7643383 16 0.0 0
1112142 Q0 7692528 17 0.0 0
1112142 Q0 6839779 18 0.0 0
1112142 Q0 4658691 19 0.0 0
1112142 Q0 3589399 20 0.0 0
1113042 Q0 7834150 1 0.0 0
1113042 Q0 3343723 2 0.0 0
1113042 Q0 3638871 3 0.0 0
1113042 Q0 4941702 4 0.0 0
1113042 Q0 355186 5 0.0 0
1113042 Q0 3343726 6 0.0 0
1113042 Q0 2410652 7 0.0 0
1113042 Q0 3229009 8 0.0 0
1113042 Q0 4390850 9 0.0 0
1113042 Q0 4268572 10 0.0 0
1113042 Q0 63698 11 0.0 0
1113042 Q0 4220189 12 0.0 0
1113042 Q0 3110558 13 0.0 0
1113042 Q0 3110553 14 0.0 0
1113042 Q0 5201606 15 0.0 0
1113042 Q0 3619036 16 0.0 0
1113042 Q0 2707762 17 0.0 0
1113042 Q0 3871178 18 0.0 0
1113042 Q0 8698798 19 0.0 0
1113042 Q0 4065803 20 0.0 0
1113256 Q0 7843129 1 0.0 0
1113256 Q0 7561115 2 0.0 0
1113256 Q0 7843132 3 0.0 0
1113256 Q0 7561120 4 0.0 0
1113256 Q0 8130535 5 0.0 0
1113256 Q0 7250126 6 0.0 0
1113256 Q0 7561117 7 0.0 0
1113256 Q0 1678172 8 0.0 0
1113256 Q0 5396746 9 0.0 0
1113256 Q0 8130530 10 0.0 0
1113256 Q0 6915171 11 0.0 0
1113256 Q0 5382844 12 0.0 0
1113256 Q0 7561111 13 0.0 0
1113256 Q0 7561113 14 0.0 0
1113256 Q0 7561116 15 0.0 0
1113256 Q0 3976058 16 0.0 0
1113256 Q0 7561114 17 0.0 0
1113256 Q0 1407864 18 0.0 0
1113256 Q0 4426186 19 0.0 0
1113256 Q0 2680780 20 0.0 0
1114166 Q0 6393204 1 0.0 0
1114166 Q0 2663442 2 0.0 0
1114166 Q0 8557298 3 0.0 0
1114166 Q0 4253053 4 0.0 0
1114166 Q0 1077993 5 0.0 0
1114166 Q0 1838670 6 0.0 0
1114166 Q0 4820509 7 0.0 0
1114166 Q0 1524759 8 0.0 0
1114166 Q0 8163346 9 0.0 0
1114166 Q0 7005188 10 0.0 0
1114166 Q0 5683254 11 0.0 0
1114166 Q0 6903474 12 0.0 0
1114166 Q0 8569618 13 0.0 0
1114166 Q0 4724032 14 0.0 0
1114166 Q0 4509762 15 0.0 0
1114166 Q0 3962444 16 0.0 0
1114166 Q0 6670817 17 0.0 0
1114166 Q0 1166813 18 0.0 0
1114166 Q0 629384 19 0.0 0
1114166 Q0 2019926 20 0.0 0
1114286 Q0 2589532 1 0.0 0
1114286 Q0 4488776 2 0.0 0
1114286 Q0 4956825 3 0.0 0
1114286 Q0 6744598 4 0.0 0
1114286 Q0 4678531 5 0.0 0
1114286 Q0 6744591 6 0.0 0
1114286 Q0 7235983 7 0.0 0
1114286 Q0 648972 8 0.0 0
1114286 Q0 8720406 9 0.0 0
1114286 Q0 8413644 10 0.0 0
1114286 Q0 6846966 11 0.0 0
1114286 Q0 5711201 12 0.0 0
1114286 Q0 5657279 13 0.0 0
1114286 Q0 8378705 14 0.0 0
1114286 Q0 6472492 15 0.0 0
1114286 Q0 1499458 16 0.0 0
1114286 Q0 100373 17 0.0 0
1114286 Q0 2177455 18 0.0 0
1114286 Q0 1810213 19 0.0 0
1114286 Q0 1278319 20 0.0 0
1114993 Q0 8113957 1 0.0 0
1114993 Q0 8113954 2 0.0 0
1114993 Q0 4254836 3 0.0 0
1114993 Q0 3884881 4 0.0 0
1114993 Q0 1941266 5 0.0 0
1114993 Q0 7517332 6 0.0 0
1114993 Q0 3884882 7 0.0 0
1114993 Q0 97739 8 0.0 0
1114993 Q0 1834764 9 0.0 0
1114993 Q0 8090240 10 0.0 0
1114993 Q0 7678189 11 0.0 0
1114993 Q0 6820615 12 0.0 0
1114993 Q0 6782345 13 0.0 0
1114993 Q0 542347 14 0.0 0
1114993 Q0 491120 15 0.0 0
1114993 Q0 5125375 16 0.0 0
1114993 Q0 3299960 17 0.0 0
1114993 Q0 5056232 18 0.0 0
1114993 Q0 8827734 19 0.0 0
1114993 Q0 3844836 20 0.0 0
1115210 Q0 8111887 1 0.0 0
1115210 Q0 8111885 2 0.0 0
1115210 Q0 8111884 3 0.0 0
1115210 Q0 7440361 4 0.0 0
1115210 Q0 8390254 5 0.0 0
1115210 Q0 840008 6 0.0 0
1115210 Q0 7440366 7 0.0 0
1115210 Q0 7440363 8 0.0 0
1115210 Q0 8111881 9 0.0 0
1115210 Q0 3525807 10 0.0 0
1115210 Q0 8111878 11 0.0 0
1115210 Q0 7440364 12 0.0 0
1115210 Q0 840010 13 0.0 0
1115210 Q0 4791665 14 0.0 0
1115210 Q0 5616488 15 0.0 0
1115210 Q0 7440358 16 0.0 0
1115210 Q0 7440365 17 0.0 0
1115210 Q0 7440360 18 0.0 0
1115210 Q0 6690339 19 0.0 0
1115210 Q0 4389700 20 0.0 0
1116380 Q0 8100548 1 0.0 0
1116380 Q0 1242071 2 0.0 0
1116380 Q0 521341 3 0.0 0
1116380 Q0 8113949 4 0.0 0
1116380 Q0 684562 5 0.0 0
1116380 Q0 8166096 6 0.0 0
1116380 Q0 1645711 7 0.0 0
1116380 Q0 2379432 8 0.0 0
1116380 Q0 8621253 9 0.0 0
1116380 Q0 5406796 10 0.0 0
1116380 Q0 7905911 11 0.0 0
1116380 Q0 1584126 12 0.0 0
1116380 Q0 684561 13 0.0 0
1116380 Q0 6891415 14 0.0 0
1116380 Q0 5140713 15 0.0 0
1116380 Q0 8784326 16 0.0 0
1116380 Q0 953274 17 0.0 0
1116380 Q0 1792203 18 0.0 0
1116380 Q0 4752907 19 0.0 0
1116380 Q0 471649 20 0.0 0
1117817 Q0 2963968 1 0.0 0
1117817 Q0 8330387 2 0.0 0
1117817 Q0 6382626 3 0.0 0
1117817 Q0 8801629 4 0.0 0
1117817 Q0 2963970 5 0.0 0
1117817 Q0 2373506 6 0.0 0
1117817 Q0 580006 7 0.0 0
1117817 Q0 6790301 8 0.0 0
1117817 Q0 3938241 9 0.0 0
1117817 Q0 8330381 10 0.0 0
1117817 Q0 3330454 11 0.0 0
1117817 Q0 844984 12 0.0 0
1117817 Q0 4799267 13 0.0 0
1117817 Q0 7220210 14 0.0 0
1117817 Q0 7063003 15 0.0 0
1117817 Q0 7229488 16 0.0 0
1117817 Q0 1911786 17 0.0 0
1117817 Q0 4486487 18 0.0 0
1117817 Q0 4356848 19 0.0 0
1117817 Q0 3516304 20 0.0 0
